0 1 0
1 1 1
6 2 0
7 2 1
448 3 0
449 3 1
450 4 0
450 5 0
450 6 0
450 7 0
451 3 2
451 8 0
452 9 0
452 10 0
453 11 0
453 12 0
453 13 0
454 14 0
454 15 0
455 3 3
455 16 0
456 17 0
456 18 0
457 19 0
457 20 0
458 21 0
458 22 0
459 23 0
459 24 0
459 25 0
460 26 0
461 26 1
461 27 0
461 28 0
651 4 1
653 4 2
657 4 3
665 4 4
851 5 1
853 5 2
857 5 3
865 5 4
1058 6 1
1060 6 2
1064 6 3
1072 6 4
1265 7 1
1267 7 2
1271 7 3
1280 7 4
1466 8 1
1468 8 2
1472 8 3
1480 8 4
1673 9 1
1675 9 2
1679 9 3
1687 9 4
1880 10 1
1882 10 2
1886 10 3
1894 10 4
2081 11 1
2083 11 2
2087 11 3
2095 11 4
2288 12 1
2290 12 2
2294 12 3
2302 12 4
2383 4 4
2495 13 1
2497 13 2
2501 13 3
2509 13 4
2702 14 1
2704 14 2
2708 14 3
2716 14 4
2909 15 1
2911 15 2
2915 15 3
2923 15 4
3110 5 4
3111 16 1
3113 16 2
3117 16 3
3125 16 4
3313 17 1
3315 17 2
3319 17 3
3327 17 4
3520 18 1
3522 18 2
3526 18 3
3534 18 4
3727 19 1
3729 19 2
3733 19 3
3741 19 4
3934 20 1
3936 20 2
3940 20 3
3948 20 4
4141 21 1
4143 21 2
4147 21 3
4155 21 4
4275 6 4
4348 22 1
4350 22 2
4354 22 3
4362 22 4
4555 23 1
4557 23 2
4561 23 3
4563 14 3
4569 23 4
4571 14 4
4697 14 3
4705 14 4
4764 24 1
4766 24 2
4770 24 3
4778 24 4
4778 10 3
4786 10 4
4833 14 3
4841 14 4
4914 10 3
4922 10 4
4969 14 3
4970 25 1
4972 25 2
4972 20 3
4976 25 3
4978 14 4
4978 17 3
4984 20 4
4986 17 4
4992 25 4
5050 10 3
5058 10 4
5072 7 4
5120 25 3
5128 25 4
5172 26 2
5172 24 3
5176 26 3
5184 24 4
5184 26 4
5184 9 3
5184 10 3
5192 9 4
5192 10 4
5256 25 3
5264 25 4
5312 26 3
5320 26 4
5320 9 3
5320 10 3
5328 9 4
5328 10 4
5377 27 1
5377 20 3
5379 27 2
5383 27 3
5391 20 4
5391 25 3
5399 25 4
5399 8 3
5400 27 4
5407 8 4
5448 26 3
5455 9 3
5455 10 3
5456 26 4
5463 9 4
5464 10 4
5527 25 3
5527 27 3
5528 8 3
5535 25 4
5536 8 4
5543 27 4
5584 9 3
5584 26 3
5584 28 0
5591 10 3
5592 9 4
5599 10 4
5600 26 4
5663 8 3
5663 25 3
5664 27 3
5671 8 4
5672 25 4
5679 27 4
5720 9 3
5720 10 3
5727 26 3
5728 9 4
5735 10 4
5736 26 4
5799 8 3
5799 25 3
5800 27 3
5802 8 3
5808 25 4
5809 27 3
5856 9 3
5856 10 3
5857 26 3
5864 9 4
5865 10 4
5872 26 4
5929 25 3
5937 25 4
5974 24 4
6038 23 4
6082 22 4
6115 26 4
6125 21 4
6135 11 4
6211 9 4
6253 20 4
6254 25 4
6263 19 4
6270 18 4
6274 12 4
6275 13 4
6305 16 4
6319 17 4
6323 15 4
6337 10 4
6346 14 4
6346 3 3  