0 1 0
1 1 1
5 2 0
359 3 0
360 3 1
361 4 0
361 5 0
361 6 0
361 7 0
361 8 0
362 3 2
362 4 1
363 5 1
363 6 1
364 7 1
365 4 2
366 5 2
367 6 2
368 7 2
368 8 1
370 8 2
372 4 3
374 5 3
376 6 3
378 7 3
380 8 3
386 4 4
388 5 4
394 6 4
396 7 4
402 8 4
418 7 3
426 7 4
426 8 3
434 8 4
450 6 3
458 6 4
458 8 3
466 8 4
482 7 3
490 7 4
490 8 3
498 8 4
514 6 3
522 6 4
522 8 3
530 8 4
546 7 3
554 7 4
554 8 3
562 8 4
578 6 3
586 6 4
586 8 3
594 8 4
610 7 3
618 7 4
618 8 3
626 8 4
642 6 3
650 6 4
650 8 3
658 8 4
674 7 3
681 6 4
681 8 3
682 7 4
684 4 4
684 3 1
690 8 4
986 7 4
994 5 4
1583 8 4
1584 3 1