0 1 0
2 1 1
3 1 2
6 2 0
6 2 1
449 3 0
449 2 2
449 3 1
450 3 2
450 4 0
451 5 0
451 6 0
451 7 0
452 3 3
452 4 1
453 5 1
453 6 1
455 4 2
455 5 2
457 6 2
459 4 3
461 5 3
461 8 0
461 9 0
462 10 0
462 11 0
462 12 0
462 13 0
463 6 3
464 7 1
464 8 1
464 10 1
464 11 1
464 12 1
464 13 1
465 9 1
466 7 2
467 8 2
468 9 2
471 7 3
472 8 3
475 9 3
480 4 4
483 5 4
488 6 4
491 7 4
496 8 4
499 9 4
512 10 0
512 11 0
512 12 0
512 13 0
513 10 1
513 11 1
513 12 1
513 13 1
529 8 3
529 10 0
529 11 0
529 12 0
529 13 0
529 10 1
529 11 1
530 12 1
530 9 3
530 13 1
538 8 4
539 9 4
554 10 0
554 11 0
554 12 0
554 13 0
554 10 1
554 11 1
554 12 1
555 13 1
570 8 3
570 9 3
570 10 0
570 11 0
571 12 0
571 13 0
571 10 1
571 11 1
571 12 1
571 13 1
579 8 4
579 9 4
595 10 0
595 11 0
595 12 0
595 13 0
595 10 1
595 11 1
595 12 1
596 13 1
612 8 3
612 9 3
612 10 0
612 11 0
612 12 0
612 13 0
612 10 1
613 11 1
613 12 1
613 13 1
621 9 4
621 8 4
637 10 0
637 11 0
637 12 0
637 13 0
637 10 1
637 11 1
637 12 1
637 13 1
653 8 3
653 9 3
653 10 0
653 11 0
653 12 0
653 13 0
653 10 1
653 11 1
654 12 1
654 13 1
662 9 4
662 8 4
678 10 0
678 11 0
678 12 0
678 13 0
678 10 1
678 11 1
678 12 1
678 13 1
694 8 3
694 9 3
694 10 0
694 11 0
694 12 0
694 13 0
694 10 1
694 11 1
695 12 1
695 13 1
695 11 2
703 9 4
703 8 4
719 10 0
719 11 1
719 12 0
719 13 0
719 10 1
719 12 1
719 13 1
735 8 3
735 9 3
735 10 0
735 11 0
735 12 0
735 13 0
736 10 1
736 11 1
736 12 1
736 13 1
744 9 4
744 8 4
760 10 0
760 11 0
760 12 0
760 13 0
760 10 1
760 11 1
760 12 1
761 13 1
776 8 3
776 9 3
776 10 0
776 11 0
776 12 0
776 13 0
776 10 1
776 11 1
777 12 1
777 13 1
785 8 4
785 9 4
801 10 0
801 11 0
801 12 0
801 13 0
801 10 1
801 11 1
801 12 1
801 13 1
817 8 3
817 9 3
817 10 0
817 11 0
817 12 0
817 13 0
817 10 1
817 11 1
818 12 1
818 13 1
826 9 4
826 8 4
842 10 0
842 11 0
842 12 0
842 13 0
843 10 1
843 11 1
843 12 1
843 13 1
859 8 3
859 9 3
859 10 0
859 11 0
859 12 0
859 13 0
859 10 1
859 11 1
859 12 1
859 13 1
867 8 4
867 9 4
883 10 0
883 11 0
883 12 0
883 13 0
883 10 1
883 11 1
883 12 1
883 13 1
899 8 3
899 9 3
899 10 0
899 11 0
899 12 0
899 13 0
899 10 1
899 11 1
900 12 1
900 13 1
908 9 4
908 8 4
916 5 4
940 9 3
948 9 4
964 10 0
964 11 0
964 12 0
964 13 0
964 10 1
965 11 1
965 12 1
965 13 1
981 9 3
981 10 0
981 11 0
981 12 0
981 13 0
981 10 1
981 11 1
981 12 1
982 13 1
990 9 4
1142 10 1
1214 11 1
1262 12 1
1334 13 1
1336 8 4
1351 6 4
1763 7 4
1763 9 4
1767 4 4
1767 3 3