0 1 0
1 1 1
2 1 2
5 2 0
5 2 1
6 2 2
1193 3 0
1193 3 1
1194 3 2
1194 4 0
1195 5 0
1195 6 0
1196 7 0
1196 4 1
1196 5 1
1196 8 0
1196 9 0
1196 10 0
1197 6 1
1197 7 1
1197 11 0
1198 3 3
1198 9 1
1198 8 1
1199 10 1
1200 4 2
1201 6 2
1202 8 2
1203 10 2
1206 4 3
1207 6 3
1210 8 3
1210 12 0
1210 13 0
1211 10 3
1211 11 1
1211 13 1
1212 12 1
1215 12 2
1215 5 1
1219 12 3
1220 4 4
1227 6 4
1228 8 4
1235 10 4
1236 12 4
1251 7 0
1251 9 0
1251 11 0
1251 13 0
1251 7 1
1251 9 1
1251 11 1
1251 13 1
1267 7 0
1267 9 0
1267 11 0
1267 12 3
1267 13 0
1267 7 1
1268 9 1
1268 11 1
1268 13 1
1276 12 4
1468 7 1
1525 6 4
1535 8 4
1622 9 1
1791 11 1
1840 10 4
1843 4 4
1865 13 1
2478 12 4
2479 3 3