0 1 0
1 1 1
2 1 2
6 2 0
6 2 1
8 2 2
748 3 0
749 3 1
749 4 0
750 4 1
750 5 0
751 3 2
751 6 0
751 5 1
751 7 0
751 6 1
752 8 0
752 7 1
752 9 0
752 8 1
752 10 0
752 9 1
753 11 0
753 10 1
754 12 0
754 11 1
754 13 0
754 12 1
754 14 0
754 13 1
755 3 3
755 15 0
755 14 1
756 16 0
756 15 1
756 17 0
756 16 1
757 18 0
757 17 1
757 19 0
757 18 1
758 20 0
758 19 1
758 21 0
758 20 1
759 22 0
759 21 1
759 23 0
759 22 1
759 24 0
760 23 1
760 25 0
760 24 1
761 25 1
761 26 0
761 3 4
761 26 1
761 27 0
762 28 0
762 27 1
762 28 1
951 4 2
955 4 3
955 27 2
963 4 4
965 16 2
982 24 2
995 20 2
1152 5 2
1156 5 3
1164 5 4
1358 6 2
1362 6 3
1370 6 4
1564 7 2
1568 7 3
1576 7 4
1770 8 2
1774 8 3
1782 8 4
1976 9 2
1980 9 3
1988 9 4
2179 10 2
2183 10 3
2191 10 4
2385 11 2
2389 11 3
2397 11 4
2440 4 4
2591 12 2
2595 12 3
2603 12 4
2794 13 2
2798 13 3
2806 13 4
3000 14 2
3004 14 3
3013 14 4
3106 5 4
3204 15 2
3208 15 3
3216 15 4
3412 16 3
3420 16 4
3614 17 2
3618 17 3
3626 17 4
3820 18 2
3820 15 3
3824 18 3
3832 15 4
3832 9 3
3837 18 4
3837 10 3
3840 9 4
3845 10 4
3920 18 3
3926 9 3
3928 18 4
3928 10 3
3934 9 4
3936 10 4
4014 18 3
4016 9 3
4022 18 4
4022 10 3
4024 9 4
4024 19 2
4028 19 3
4032 10 4
4032 6 3
4036 19 4
4036 14 3
4040 6 4
4044 14 4
4104 18 3
4108 9 3
4112 18 4
4116 9 4
4128 6 3
4128 14 3
4129 6 3
4137 14 4
4196 18 3
4201 9 3
4204 18 4
4209 9 4
4220 14 3
4228 14 4
4229 20 3
4237 20 4
4237 16 3
4245 16 4
4292 9 3
4292 18 3
4300 9 4
4301 18 4
4316 14 3
4324 14 4
4333 16 3
4341 16 4
4388 9 3
4388 18 3
4396 9 4
4397 18 4
4412 14 3
4420 14 4
4429 16 3
4431 21 2
4435 21 3
4443 16 4
4443 7 3
4443 13 3
4444 21 4
4451 7 4
4452 13 4
4483 9 3
4483 18 3
4491 9 4
4492 18 4
4507 14 3
4515 14 4
4524 16 3
4531 21 3
4532 16 4
4532 7 3
4539 21 4
4539 13 3
4540 7 4
4547 13 4
4572 9 3
4579 18 3
4580 9 4
4587 18 4
4596 14 3
4604 14 4
4619 16 3
4620 21 3
4627 16 4
4627 7 3
4628 21 4
4628 13 3
4635 7 4
4636 13 4
4637 22 2
4641 22 3
4649 22 4
4649 17 3
4657 17 4
4668 9 3
4668 18 3
4676 9 4
4681 18 4
4692 14 3
4700 14 4
4713 16 3
4713 21 3
4716 7 3
4721 16 4
4721 13 3
4724 7 4
4729 13 4
4732 21 4
4745 17 3
4753 17 4
4764 9 3
4764 18 3
4772 9 4
4777 18 4
4788 14 3
4796 14 4
4809 7 3
4809 16 3
4812 13 3
4817 7 4
4817 21 3
4820 13 4
4825 16 4
4828 21 4
4841 17 3
4843 23 2
4847 23 3
4847 8 3
4852 17 4
4852 15 3
4855 8 4
4855 9 3
4860 15 4
4860 18 3
4863 9 4
4868 18 4
4871 23 4
4884 14 3
4892 14 4
4903 7 3
4903 13 3
4904 7 3
4908 16 3
4912 13 4
4912 21 3
4916 16 4
4920 21 4
4936 8 3
4944 8 4
4944 9 3
4944 15 3
4952 9 4
4952 18 3
4952 23 3
4956 15 4
4960 18 4
4964 23 4
4976 14 3
4984 14 4
4996 13 3
5000 16 3
5004 13 4
5004 21 3
5008 16 4
5012 21 4
5040 9 3
5040 15 3
5044 18 3
5048 24 3
5048 23 3
5048 9 4
5056 15 4
5056 18 4
5064 23 4
5064 10 3
5064 19 3
5064 24 4
5072 10 4
5072 14 3
5072 19 4
5080 14 4
5088 13 3
5096 16 3
5096 21 3
5096 13 4
5104 16 4
5104 21 4
5125 8 4
5141 18 3
5149 18 4
5149 23 3
5149 24 3
5157 23 4
5157 10 3
5157 19 3
5160 24 4
5165 10 4
5165 14 3
5168 19 4
5173 14 4
5184 13 3
5189 16 3
5189 21 3
5192 13 4
5197 16 4
5200 21 4
5245 23 3
5245 24 3
5247 25 2
5247 10 3
5251 25 3
5251 19 3
5256 10 4
5256 14 3
5259 19 4
5264 14 4
5267 23 4
5267 20 3
5272 24 4
5272 12 3
5275 20 4
5275 13 3
5280 12 4
5280 16 3
5283 13 4
5283 21 3
5288 16 4
5291 21 4
5296 25 4
5339 10 3
5344 19 3
5347 10 4
5347 14 3
5352 19 4
5352 23 3
5355 14 4
5355 24 3
5360 23 4
5360 20 3
5363 24 4
5363 12 3
5368 20 4
5368 13 3
5371 12 4
5371 16 3
5376 13 4
5376 21 3
5379 16 4
5379 25 3
5384 21 4
5387 25 4
5432 10 3
5435 19 3
5440 10 4
5440 14 3
5443 19 4
5443 23 3
5448 14 4
5448 24 3
5450 26 2
5450 20 3
5451 23 4
5454 26 3
5454 12 3
5459 20 4
5459 13 3
5462 12 4
5462 16 3
5467 13 4
5467 21 3
5470 16 4
5470 25 3
5475 21 4
5478 24 4
5483 25 4
5483 11 3
5486 26 4
5486 22 3
5491 11 4
5494 22 4
5523 10 3
5526 19 3
5531 10 4
5531 14 3
5534 19 4
5534 23 3
5539 14 4
5542 23 4
5555 13 3
5555 16 3
5558 21 3
5563 13 4
5563 24 3
5566 16 4
5566 25 3
5571 21 4
5571 26 3
5574 24 4
5574 11 3
5579 25 4
5579 22 3
5582 11 4
5587 22 4
5590 26 4
5619 10 3
5619 19 3
5622 14 3
5627 10 4
5627 23 3
5630 14 4
5635 19 4
5638 23 4
5651 13 3
5651 16 3
5654 21 3
5655 27 3
5655 24 3
5662 13 4
5662 25 3
5663 16 4
5663 11 3
5670 21 4
5670 22 3
5671 11 4
5671 26 3
5678 22 4
5679 24 4
5686 25 4
5686 17 3
5687 26 4
5687 9 3
5694 17 4
5695 9 4
5702 27 4
5711 10 3
5711 14 3
5718 19 3
5719 10 4
5719 23 3
5726 14 4
5727 19 4
5734 23 4
5743 13 3
5750 16 3
5751 13 4
5751 21 3
5758 16 4
5758 11 3
5759 21 4
5759 22 3
5765 11 3
5765 11 4
5765 24 3
5767 22 4
5767 25 3
5773 24 4
5773 26 3
5775 25 4
5775 17 3
5781 26 4
5781 9 3
5783 17 4
5783 27 3
5789 9 4
5791 27 4
5805 10 3
5807 14 3
5813 10 4
5813 19 3
5815 14 4
5815 23 3
5821 19 4
5823 23 4
5837 13 3
5839 16 3
5845 13 4
5845 21 3
5847 16 4
5853 21 4
5853 28 1
5863 25 3
5863 26 3
5869 17 3
5871 25 4
5871 9 3
5877 17 4
5877 27 3
5879 9 4
5885 26 4
5887 27 4
5901 10 3
5901 14 3
5903 19 3
5909 10 4
5909 23 3
5911 14 4
5917 19 4
5919 23 4
5924 12 4
5933 16 3
5940 21 3
5941 16 4
5948 21 4
5957 25 3
5964 9 3
5964 17 3
5965 25 4
5972 9 4
5972 26 3
5972 27 3
5973 17 4
5980 26 4
5981 27 4
5996 10 3
5996 14 3
6004 10 4
6004 19 3
6004 23 3
6005 14 4
6012 19 4
6013 23 4
6028 16 3
6029 21 3
6036 16 4
6037 21 4
6052 25 3
6053 9 3
6060 25 4
6060 17 3
6061 9 4
6061 26 3
6068 17 4
6068 27 3
6069 26 4
6070 27 3
6085 10 3
6085 15 4
6093 10 4
6093 19 3
6101 23 3
6101 19 4
6102 20 4
6109 23 4
6118 21 3
6126 22 4
6126 21 4
6142 9 3
6150 9 4
6150 26 3
6158 26 4
6168 10 4
6232 9 3
6237 9 3
6244 26 4
6302 24 4
6306 25 4
6313 17 4
6392 19 4
6441 23 4
6450 13 4
6458 18 4
6506 21 4
6521 16 4
6528 14 4
6529 3 4