0 1 0
1 1 1
2 1 2
6 2 0
6 2 1
7 2 2
723 3 0
723 3 1
724 3 2
724 4 0
725 4 1
725 5 0
725 6 0
725 5 1
726 7 0
726 6 1
726 8 0
726 7 1
727 9 0
727 8 1
728 3 3
728 10 0
728 9 1
728 11 0
728 10 1
728 12 0
728 11 1
729 13 0
729 12 1
729 14 0
730 13 1
730 15 0
730 14 1
730 16 0
730 15 1
731 17 0
731 16 1
731 18 0
731 17 1
732 19 0
732 18 1
732 20 0
732 19 1
733 21 0
733 20 1
733 22 0
733 21 1
733 23 0
734 22 1
734 24 0
734 23 1
735 25 0
735 24 1
735 3 4
735 26 0
735 25 1
736 27 0
736 26 1
736 28 0
736 27 1
736 28 1
781 17 2
792 20 2
804 22 2
824 25 2
857 19 2
884 24 2
926 4 2
930 4 3
938 4 4
992 16 2
993 21 2
994 15 2
1059 28 2
1094 11 2
1112 26 2
1126 5 2
1130 5 3
1138 5 4
1154 6 0
1154 7 0
1154 8 0
1154 9 0
1154 10 0
1154 12 0
1154 13 0
1155 14 0
1155 18 0
1155 23 0
1155 27 0
1155 6 1
1155 7 1
1155 8 1
1155 9 1
1156 10 1
1156 12 1
1156 13 1
1156 14 1
1156 18 1
1156 23 1
1156 27 1
1172 6 0
1172 7 0
1172 8 0
1172 9 0
1172 10 0
1172 12 0
1173 13 0
1173 14 0
1173 18 0
1173 23 0
1173 27 0
1173 6 1
1173 7 1
1173 8 1
1173 9 1
1173 10 1
1174 11 1
1174 15 1
1174 16 1
1174 17 1
1174 19 1
1174 20 1
1174 21 1
1174 22 1
1174 24 1
1174 25 1
1174 26 1
1174 28 1
1174 12 1
1175 13 1
1175 14 1
1175 18 1
1175 23 1
1176 27 1
1192 6 0
1192 7 0
1192 8 0
1192 9 0
1192 10 0
1192 11 0
1192 12 0
1192 13 0
1192 14 0
1192 15 0
1192 16 0
1192 17 0
1192 18 0
1192 19 0
1192 20 0
1192 21 0
1192 22 0
1192 23 0
1192 24 0
1192 25 0
1192 26 0
1192 27 0
1192 28 0
1193 7 1
1193 6 1
1193 8 1
1193 9 1
1193 10 1
1193 11 1
1194 12 1
1194 13 1
1194 14 1
1194 15 1
1194 16 1
1194 17 1
1194 18 1
1194 19 1
1195 20 1
1195 21 1
1195 22 1
1195 23 1
1195 24 1
1195 25 1
1195 26 1
1195 27 1
1195 28 1
1211 6 0
1211 7 0
1211 8 0
1211 9 0
1211 10 0
1212 11 0
1212 12 0
1212 13 0
1212 14 0
1212 15 0
1212 16 0
1212 17 0
1212 18 0
1212 19 0
1212 20 0
1212 21 0
1212 22 0
1212 23 0
1212 24 0
1212 25 0
1212 26 0
1212 27 0
1212 28 0
1212 6 1
1213 7 1
1214 9 1
1214 8 1
1214 10 1
1214 11 1
1214 12 1
1214 13 1
1214 14 1
1214 15 1
1214 16 1
1214 17 1
1215 18 1
1215 19 1
1215 20 1
1215 21 1
1215 22 1
1215 23 1
1216 24 1
1216 25 1
1216 26 1
1216 27 1
1216 28 1
1232 6 0
1232 7 0
1232 8 0
1232 9 0
1232 10 0
1232 11 0
1232 12 0
1232 13 0
1232 14 0
1232 15 0
1232 16 0
1232 17 0
1232 18 0
1232 19 0
1232 20 0
1232 21 0
1232 22 0
1232 23 0
1232 24 0
1232 25 0
1232 26 0
1232 27 0
1232 28 0
1233 6 1
1233 7 1
1233 8 1
1233 9 1
1233 10 1
1233 11 1
1234 12 1
1234 13 1
1234 14 1
1234 15 1
1234 16 1
1234 17 1
1234 18 1
1234 19 1
1235 20 1
1235 21 1
1235 22 1
1235 23 1
1235 24 1
1235 25 1
1236 26 1
1236 27 1
1236 28 1
1252 6 0
1252 7 0
1252 8 0
1252 9 0
1252 10 0
1252 11 0
1252 12 0
1252 13 0
1252 14 0
1252 15 0
1252 16 0
1252 17 0
1252 18 0
1252 19 0
1252 20 0
1252 21 0
1252 22 0
1252 23 0
1252 24 0
1252 25 0
1252 26 0
1252 27 0
1252 28 0
1253 6 1
1253 7 1
1253 8 1
1253 9 1
1253 10 1
1254 11 1
1254 12 1
1254 13 1
1254 14 1
1254 15 1
1254 16 1
1255 17 1
1255 18 1
1255 19 1
1255 20 1
1255 21 1
1255 22 1
1255 23 1
1255 24 1
1255 25 1
1256 26 1
1256 27 1
1256 28 1
1272 6 0
1272 7 0
1272 8 0
1272 9 0
1272 10 0
1272 11 0
1272 12 0
1272 13 0
1272 14 0
1272 15 0
1272 16 0
1272 17 0
1272 18 0
1272 19 0
1272 20 0
1272 21 0
1272 22 0
1272 23 0
1272 24 0
1272 25 0
1272 26 0
1272 27 0
1272 28 0
1273 6 1
1273 7 1
1273 8 1
1274 9 1
1274 10 1
1274 11 1
1274 12 1
1274 13 1
1274 14 1
1274 15 1
1274 16 1
1275 18 1
1275 17 1
1275 19 1
1275 20 1
1275 21 1
1275 22 1
1275 23 1
1275 24 1
1276 25 1
1276 26 1
1276 27 1
1276 28 1
1292 6 0
1292 7 0
1292 8 0
1292 9 0
1292 10 0
1292 11 0
1292 12 0
1292 13 0
1292 14 0
1292 15 0
1292 16 0
1292 17 0
1292 18 0
1292 19 0
1292 20 0
1292 21 0
1292 22 0
1292 23 0
1292 24 0
1292 25 0
1292 26 0
1292 27 0
1292 28 0
1293 6 1
1293 7 1
1293 8 1
1294 9 1
1294 10 1
1294 11 1
1294 12 1
1294 13 1
1294 14 1
1294 15 1
1295 17 1
1295 16 1
1295 18 1
1295 19 1
1295 20 1
1295 21 1
1295 22 1
1295 23 1
1295 24 1
1295 25 1
1296 26 1
1296 27 1
1296 28 1
1312 6 0
1312 7 0
1312 8 0
1312 9 0
1312 10 0
1312 11 0
1312 12 0
1312 13 0
1312 14 0
1312 15 0
1312 16 0
1312 17 0
1312 18 0
1312 19 0
1312 20 0
1312 21 0
1312 22 0
1312 23 0
1312 24 0
1312 25 0
1312 26 0
1312 27 0
1312 28 0
1313 6 1
1313 7 1
1313 8 1
1314 9 1
1314 10 1
1314 11 1
1314 12 1
1314 13 1
1314 14 1
1314 15 1
1314 16 1
1314 17 1
1315 18 1
1315 19 1
1315 20 1
1315 21 1
1315 22 1
1315 23 1
1315 24 1
1315 25 1
1315 26 1
1315 27 1
1315 28 1
1316 18 2
1332 6 0
1332 7 0
1332 8 0
1332 9 0
1332 10 0
1332 11 0
1332 12 0
1332 13 0
1332 14 0
1332 15 0
1332 16 0
1332 17 0
1332 18 1
1332 19 0
1332 20 0
1332 21 0
1332 22 0
1332 23 0
1332 24 0
1332 25 0
1332 26 0
1332 27 0
1332 28 0
1333 6 1
1333 7 1
1333 8 1
1333 9 1
1333 10 1
1333 11 1
1334 12 1
1334 13 1
1334 14 1
1334 15 1
1334 16 1
1334 17 1
1334 19 1
1334 20 1
1334 21 1
1334 22 1
1335 24 1
1335 23 1
1335 25 1
1335 26 1
1335 27 1
1335 28 1
1336 20 2
1337 6 2
1341 6 3
1349 6 4
1365 7 0
1365 8 0
1365 9 0
1365 10 0
1365 11 0
1366 12 0
1366 13 0
1366 14 0
1366 15 0
1366 16 0
1366 17 0
1366 18 0
1366 19 0
1366 21 0
1366 22 0
1366 23 0
1366 24 0
1366 25 0
1366 26 0
1366 27 0
1366 28 0
1366 7 1
1367 8 1
1367 9 1
1368 20 1
1368 10 1
1368 11 1
1368 12 1
1368 13 1
1368 14 1
1368 15 1
1368 16 1
1369 17 1
1369 18 1
1369 19 1
1369 21 1
1369 22 1
1369 23 1
1369 24 1
1369 25 1
1369 26 1
1369 27 1
1370 28 1
1386 7 0
1386 8 0
1386 9 0
1386 10 0
1386 11 0
1386 12 0
1386 13 0
1386 14 0
1386 15 0
1386 16 0
1386 17 0
1386 18 0
1386 19 0
1386 20 0
1386 21 0
1386 22 0
1386 23 0
1386 24 0
1386 25 0
1386 26 0
1386 27 0
1386 28 0
1387 7 1
1387 8 1
1387 9 1
1387 10 1
1387 11 1
1388 12 1
1388 13 1
1388 14 1
1388 15 1
1388 16 1
1388 17 1
1388 18 1
1388 19 1
1388 20 1
1389 22 1
1389 21 1
1389 23 1
1389 24 1
1389 25 1
1389 26 1
1390 27 1
1390 28 1
1406 7 0
1406 8 0
1406 9 0
1406 10 0
1406 11 0
1406 12 0
1406 13 0
1406 14 0
1406 15 0
1406 16 0
1406 17 0
1406 18 0
1406 19 0
1406 20 0
1406 21 0
1406 22 0
1406 23 0
1406 24 0
1406 25 0
1406 26 0
1406 27 0
1406 28 0
1407 7 1
1407 8 1
1407 9 1
1407 10 1
1408 12 1
1408 11 1
1408 13 1
1408 14 1
1408 15 1
1408 16 1
1408 17 1
1408 18 1
1409 19 1
1409 20 1
1409 21 1
1409 22 1
1409 23 1
1409 24 1
1409 25 1
1409 26 1
1409 27 1
1410 28 1
1426 7 0
1426 8 0
1426 9 0
1426 10 0
1426 11 0
1426 12 0
1426 13 0
1426 14 0
1426 15 0
1426 16 0
1426 17 0
1426 18 0
1426 19 0
1426 20 0
1426 21 0
1426 22 0
1426 23 0
1426 24 0
1426 25 0
1426 26 0
1426 27 0
1426 28 0
1427 8 1
1427 7 1
1427 9 1
1427 10 1
1427 11 1
1427 12 1
1428 13 1
1428 14 1
1428 15 1
1428 16 1
1428 17 1
1428 18 1
1428 19 1
1429 20 1
1429 21 1
1429 22 1
1429 23 1
1429 24 1
1429 25 1
1429 26 1
1429 27 1
1430 28 1
1446 7 0
1446 8 0
1446 9 0
1446 10 0
1446 11 0
1446 12 0
1446 13 0
1446 14 0
1446 15 0
1446 16 0
1446 17 0
1446 18 0
1446 19 0
1446 20 0
1446 21 0
1446 22 0
1446 23 0
1446 24 0
1446 25 0
1446 26 0
1446 27 0
1446 28 0
1447 8 1
1447 7 1
1447 9 1
1447 10 1
1448 11 1
1448 12 1
1448 13 1
1449 14 1
1449 15 1
1449 16 1
1450 17 1
1451 18 1
1451 19 1
1451 20 1
1451 21 1
1451 22 1
1451 23 1
1451 24 1
1452 26 1
1452 25 1
1452 27 1
1452 28 1
1468 7 0
1468 8 0
1468 9 0
1468 10 0
1468 11 0
1468 12 0
1468 13 0
1468 14 0
1468 15 0
1468 16 0
1468 17 0
1468 18 0
1468 19 0
1468 20 0
1468 21 0
1468 22 0
1468 23 0
1468 24 0
1468 25 0
1468 26 0
1468 27 0
1468 28 0
1469 7 1
1469 8 1
1469 9 1
1469 10 1
1469 11 1
1470 12 1
1470 13 1
1470 14 1
1471 15 1
1471 16 1
1471 17 1
1471 18 1
1471 19 1
1471 20 1
1471 21 1
1471 22 1
1471 23 1
1472 24 1
1472 25 1
1472 26 1
1472 27 1
1472 28 1
1473 7 2
1489 7 1
1489 8 0
1489 9 0
1489 10 0
1489 11 0
1489 12 0
1489 13 0
1489 14 0
1489 15 0
1489 16 0
1489 17 0
1489 18 0
1489 19 0
1489 20 0
1489 21 0
1489 22 0
1489 23 0
1489 24 0
1489 25 0
1489 26 0
1489 27 0
1489 28 0
1490 8 1
1491 9 1
1491 10 1
1491 11 1
1491 12 1
1491 13 1
1492 14 1
1492 15 1
1492 16 1
1492 17 1
1492 18 1
1492 19 1
1492 20 1
1492 21 1
1492 22 1
1493 23 1
1493 24 1
1493 25 1
1493 26 1
1493 27 1
1493 28 1
1509 7 0
1509 8 0
1509 9 0
1509 10 0
1509 11 0
1509 12 0
1509 13 0
1509 14 0
1509 15 0
1509 16 0
1509 17 0
1509 18 0
1509 19 0
1509 20 0
1509 21 0
1509 22 0
1509 23 0
1509 24 0
1509 25 0
1509 26 0
1509 27 0
1509 28 0
1510 7 1
1510 8 1
1510 9 1
1510 10 1
1510 11 1
1510 12 1
1510 13 1
1510 14 1
1511 16 1
1511 15 1
1511 17 1
1511 18 1
1511 19 1
1511 20 1
1511 21 1
1511 22 1
1512 23 1
1512 24 1
1512 25 1
1512 26 1
1512 27 1
1512 28 1
1528 7 0
1528 8 0
1528 9 0
1528 10 0
1528 11 0
1528 12 0
1528 13 0
1528 14 0
1528 15 0
1528 16 0
1528 17 0
1528 18 0
1528 19 0
1528 20 0
1528 21 0
1528 22 0
1528 23 0
1528 24 0
1528 25 0
1528 26 0
1528 27 0
1528 28 0
1529 7 1
1529 8 1
1529 9 1
1529 10 1
1529 11 1
1529 12 1
1529 13 1
1529 14 1
1529 15 1
1529 16 1
1530 18 1
1530 17 1
1531 19 1
1532 21 1
1532 20 1
1532 22 1
1532 23 1
1532 24 1
1532 25 1
1532 26 1
1532 27 1
1533 28 1
1535 7 2
1539 7 3
1548 7 4
1564 8 0
1564 9 0
1564 10 0
1564 11 0
1564 12 0
1564 13 0
1564 14 0
1564 15 0
1564 16 0
1564 17 0
1564 18 0
1564 19 0
1564 20 0
1564 21 0
1564 22 0
1564 23 0
1564 24 0
1564 25 0
1564 26 0
1564 27 0
1564 28 0
1565 8 1
1565 9 1
1565 10 1
1565 11 1
1565 12 1
1566 13 1
1566 14 1
1566 15 1
1566 16 1
1566 17 1
1566 18 1
1566 19 1
1566 20 1
1566 21 1
1566 22 1
1567 24 1
1567 23 1
1567 25 1
1567 26 1
1567 27 1
1567 28 1
1583 8 0
1583 9 0
1583 10 0
1583 11 0
1583 12 0
1583 13 0
1583 14 0
1583 15 0
1583 16 0
1584 17 0
1584 18 0
1584 19 0
1584 20 0
1584 21 0
1584 22 0
1584 23 0
1584 24 0
1584 25 0
1584 26 0
1584 27 0
1584 28 0
1584 8 1
1585 9 1
1585 10 1
1585 11 1
1586 12 1
1586 13 1
1586 14 1
1586 15 1
1586 16 1
1586 17 1
1586 18 1
1586 19 1
1587 21 1
1587 20 1
1587 22 1
1587 23 1
1587 24 1
1587 25 1
1588 26 1
1588 27 1
1588 28 1
1604 8 0
1604 9 0
1604 10 0
1604 11 0
1604 12 0
1604 13 0
1604 14 0
1604 15 0
1604 16 0
1604 17 0
1604 18 0
1604 19 0
1604 20 0
1604 21 0
1604 22 0
1604 23 0
1604 24 0
1604 25 0
1604 26 0
1604 27 0
1604 28 0
1605 8 1
1605 9 1
1605 10 1
1605 11 1
1605 12 1
1605 13 1
1605 14 1
1606 15 1
1606 16 1
1606 17 1
1606 18 1
1606 19 1
1606 20 1
1606 21 1
1607 22 1
1607 23 1
1607 24 1
1607 25 1
1607 26 1
1607 27 1
1607 28 1
1623 8 0
1623 9 0
1623 10 0
1623 11 0
1623 12 0
1623 13 0
1623 14 0
1623 15 0
1623 16 0
1623 17 0
1623 18 0
1623 19 0
1623 20 0
1623 21 0
1623 22 0
1623 23 0
1623 24 0
1623 25 0
1623 26 0
1623 27 0
1623 28 0
1624 8 1
1624 9 1
1624 10 1
1624 11 1
1624 12 1
1625 13 1
1625 14 1
1625 15 1
1625 16 1
1625 17 1
1625 18 1
1625 19 1
1626 20 1
1626 21 1
1626 22 1
1626 23 1
1626 24 1
1626 25 1
1626 26 1
1626 27 1
1626 28 1
1642 8 0
1642 9 0
1642 10 0
1642 11 0
1642 12 0
1642 13 0
1642 14 0
1642 15 0
1642 16 0
1642 17 0
1642 18 0
1642 19 0
1642 20 0
1642 21 0
1642 22 0
1642 23 0
1642 24 0
1642 25 0
1642 26 0
1642 27 0
1642 28 0
1643 9 1
1643 8 1
1643 10 1
1643 11 1
1643 12 1
1643 13 1
1644 14 1
1644 15 1
1644 16 1
1644 17 1
1644 18 1
1644 19 1
1644 20 1
1645 22 1
1645 21 1
1645 23 1
1645 24 1
1645 25 1
1645 26 1
1645 27 1
1645 28 1
1661 8 0
1661 9 0
1661 10 0
1661 11 0
1661 12 0
1661 13 0
1661 14 0
1661 15 0
1661 16 0
1661 17 0
1661 18 0
1661 19 0
1661 20 0
1661 21 0
1661 22 0
1661 23 0
1661 24 0
1661 25 0
1661 26 0
1661 27 0
1661 28 0
1662 8 1
1662 9 1
1662 10 1
1662 11 1
1662 12 1
1662 13 1
1663 15 1
1663 14 1
1663 16 1
1663 17 1
1663 18 1
1663 19 1
1663 20 1
1663 21 1
1664 22 1
1664 23 1
1664 24 1
1664 25 1
1664 26 1
1664 27 1
1664 28 1
1680 8 0
1680 9 0
1680 10 0
1680 11 0
1680 12 0
1680 13 0
1680 14 0
1680 15 0
1680 16 0
1680 17 0
1680 18 0
1680 19 0
1680 20 0
1680 21 0
1680 22 0
1680 23 0
1680 24 0
1680 25 0
1680 26 0
1680 27 0
1680 28 0
1681 8 1
1681 9 1
1681 10 1
1681 11 1
1681 12 1
1682 13 1
1682 14 1
1682 15 1
1682 16 1
1682 17 1
1682 18 1
1682 19 1
1682 20 1
1683 21 1
1683 22 1
1683 23 1
1683 24 1
1683 25 1
1683 26 1
1683 27 1
1683 28 1
1699 8 0
1699 9 0
1699 10 0
1699 11 0
1699 12 0
1699 13 0
1699 14 0
1699 15 0
1699 16 0
1699 17 0
1699 18 0
1699 19 0
1699 20 0
1699 21 0
1699 22 0
1699 23 0
1699 24 0
1699 25 0
1699 26 0
1699 27 0
1699 28 0
1700 8 1
1700 9 1
1700 10 1
1700 11 1
1700 12 1
1701 13 1
1701 14 1
1701 15 1
1701 16 1
1701 17 1
1701 18 1
1701 19 1
1702 20 1
1702 21 1
1702 22 1
1702 23 1
1702 24 1
1702 25 1
1702 26 1
1702 27 1
1702 28 1
1718 8 0
1718 9 0
1718 10 0
1718 11 0
1718 12 0
1718 13 0
1719 14 0
1719 15 0
1719 16 0
1719 17 0
1719 18 0
1719 19 0
1719 20 0
1719 21 0
1719 22 0
1719 23 0
1719 24 0
1719 25 0
1719 26 0
1719 27 0
1719 28 0
1719 8 1
1720 9 1
1720 10 1
1720 11 1
1720 12 1
1720 13 1
1720 14 1
1720 15 1
1720 16 1
1720 17 1
1720 18 1
1721 19 1
1721 20 1
1721 21 1
1721 22 1
1721 23 1
1721 24 1
1721 25 1
1721 26 1
1721 27 1
1722 28 1
1738 8 0
1738 9 0
1738 10 0
1738 11 0
1738 12 0
1738 13 0
1738 14 0
1738 15 0
1738 16 0
1738 17 0
1738 18 0
1738 19 0
1738 20 0
1738 21 0
1738 22 0
1738 23 0
1738 24 0
1738 25 0
1738 26 0
1738 27 0
1738 28 0
1739 8 1
1739 9 1
1739 10 1
1739 11 1
1739 12 1
1740 13 1
1740 14 1
1740 15 1
1740 16 1
1740 17 1
1740 18 1
1740 19 1
1740 20 1
1740 21 1
1741 22 1
1741 23 1
1741 24 1
1741 25 1
1741 26 1
1741 27 1
1741 28 1
1743 8 2
1747 8 3
1755 8 4
1755 5 3
1763 5 4
1774 9 0
1774 10 0
1774 11 0
1774 12 0
1774 13 0
1774 14 0
1774 15 0
1774 16 0
1774 17 0
1774 18 0
1774 19 0
1774 20 0
1774 21 0
1774 22 0
1774 23 0
1774 24 0
1774 25 0
1774 26 0
1774 27 0
1774 28 0
1775 9 1
1775 10 1
1776 11 1
1776 12 1
1776 13 1
1776 14 1
1776 15 1
1776 16 1
1776 17 1
1776 18 1
1776 19 1
1776 20 1
1777 21 1
1777 22 1
1777 23 1
1777 24 1
1777 25 1
1777 26 1
1777 27 1
1777 28 1
1794 5 3
1794 9 0
1794 10 0
1794 11 0
1794 12 0
1794 13 0
1794 14 0
1794 15 0
1794 16 0
1794 17 0
1794 18 0
1794 19 0
1794 20 0
1794 21 0
1794 22 0
1794 23 0
1794 24 0
1794 25 0
1794 26 0
1794 27 0
1794 28 0
1795 9 1
1795 10 1
1795 11 1
1795 12 1
1795 13 1
1795 14 1
1795 15 1
1796 16 1
1796 17 1
1796 18 1
1796 19 1
1796 20 1
1796 21 1
1796 22 1
1796 23 1
1797 24 1
1797 25 1
1797 26 1
1797 27 1
1797 28 1
1805 5 4
1943 9 2
1947 9 3
1949 6 3
1955 9 4
1957 6 4
1971 10 0
1971 11 0
1971 12 0
1971 13 0
1971 14 0
1971 15 0
1971 16 0
1971 17 0
1971 18 0
1971 19 0
1971 20 0
1971 21 0
1971 22 0
1971 23 0
1971 24 0
1971 25 0
1971 26 0
1971 27 0
1971 28 0
1972 10 1
1973 4 3
1973 11 1
1973 12 1
1973 13 1
1973 14 1
1973 15 1
1973 16 1
1973 17 1
1974 18 1
1974 19 1
1974 20 1
1974 21 1
1974 22 1
1974 23 1
1974 24 1
1974 25 1
1975 26 1
1975 27 1
1975 28 1
1983 4 4
1991 6 3
1999 6 4
2015 4 3
2015 10 0
2015 11 0
2015 12 0
2015 13 0
2015 14 0
2015 15 0
2015 16 0
2015 17 0
2015 18 0
2015 19 0
2015 20 0
2015 21 0
2015 22 0
2015 23 0
2015 24 0
2015 25 0
2015 26 0
2015 27 0
2015 28 0
2016 11 1
2016 10 1
2016 12 1
2016 13 1
2017 14 1
2017 15 1
2017 16 1
2017 17 1
2017 18 1
2018 19 1
2018 20 1
2019 21 1
2019 22 1
2019 23 1
2019 24 1
2019 25 1
2019 26 1
2019 27 1
2019 28 1
2027 4 4
2035 9 3
2043 9 4
2059 4 3
2059 10 0
2059 11 0
2059 12 0
2059 13 0
2059 14 0
2059 15 0
2059 16 0
2059 17 0
2059 18 0
2059 19 0
2059 20 0
2059 21 0
2059 22 0
2059 23 0
2059 24 0
2059 25 0
2059 26 0
2059 27 0
2059 28 0
2060 10 1
2060 11 1
2060 12 1
2060 13 1
2060 14 1
2060 15 1
2060 16 1
2061 17 1
2061 18 1
2061 19 1
2061 20 1
2061 21 1
2061 22 1
2061 23 1
2061 24 1
2062 25 1
2062 26 1
2062 27 1
2062 28 1
2070 4 4
2078 9 3
2086 9 4
2102 4 3
2102 10 0
2102 11 0
2102 12 0
2102 13 0
2102 14 0
2102 15 0
2102 16 0
2102 17 0
2102 18 0
2102 19 0
2102 20 0
2102 21 0
2102 22 0
2102 23 0
2102 24 0
2102 25 0
2102 26 0
2102 27 0
2102 28 0
2103 10 1
2103 11 1
2103 12 1
2103 13 1
2103 14 1
2103 15 1
2104 17 1
2104 16 1
2104 18 1
2104 19 1
2104 20 1
2104 21 1
2104 22 1
2104 23 1
2104 24 1
2104 25 1
2105 26 1
2105 27 1
2105 28 1
2113 4 4
2121 9 3
2129 9 4
2145 4 3
2145 10 0
2145 11 0
2145 12 0
2145 13 0
2145 14 0
2145 15 0
2145 16 0
2145 17 0
2145 18 0
2145 19 0
2145 20 0
2145 21 0
2145 22 0
2145 23 0
2145 24 0
2145 25 0
2145 26 0
2145 27 0
2145 28 0
2146 10 1
2146 11 1
2146 12 1
2146 13 1
2146 14 1
2146 15 1
2147 17 1
2147 16 1
2147 18 1
2147 19 1
2147 20 1
2147 21 1
2147 22 1
2147 23 1
2148 24 1
2148 25 1
2148 26 1
2148 27 1
2148 28 1
2150 10 2
2154 10 3
2154 8 3
2156 4 4
2162 8 4
2162 6 3
2162 9 3
2164 10 4
2170 6 4
2172 9 4
2186 11 0
2186 12 0
2186 13 0
2186 14 0
2186 15 0
2186 16 0
2186 17 0
2186 18 0
2186 19 0
2186 20 0
2186 21 0
2186 22 0
2186 23 0
2186 24 0
2186 25 0
2186 26 0
2186 27 0
2186 28 0
2187 11 1
2187 4 3
2187 12 1
2187 13 1
2187 14 1
2187 15 1
2187 16 1
2187 17 1
2188 19 1
2188 18 1
2188 20 1
2188 21 1
2188 22 1
2188 23 1
2188 24 1
2188 25 1
2189 26 1
2189 27 1
2189 28 1
2197 4 4
2197 10 3
2205 6 3
2205 9 3
2205 10 4
2213 6 4
2213 9 4
2229 4 3
2229 11 0
2229 12 0
2229 13 0
2229 14 0
2229 15 0
2229 16 0
2229 17 0
2229 18 0
2229 19 0
2229 20 0
2229 21 0
2229 22 0
2229 23 0
2229 24 0
2229 25 0
2229 26 0
2229 27 0
2229 28 0
2230 11 1
2230 12 1
2230 13 1
2230 14 1
2230 15 1
2231 16 1
2231 17 1
2231 18 1
2231 19 1
2231 20 1
2231 21 1
2231 22 1
2232 23 1
2232 24 1
2232 25 1
2232 26 1
2232 27 1
2232 28 1
2240 4 4
2240 10 3
2248 6 3
2248 9 3
2248 10 4
2256 6 4
2256 9 4
2272 4 3
2272 11 0
2272 12 0
2272 13 0
2272 14 0
2272 15 0
2272 16 0
2272 17 0
2272 18 0
2272 19 0
2272 20 0
2272 21 0
2272 22 0
2272 23 0
2272 24 0
2272 25 0
2272 26 0
2272 27 0
2272 28 0
2273 11 1
2273 12 1
2273 13 1
2273 14 1
2273 15 1
2274 16 1
2274 17 1
2274 18 1
2274 19 1
2274 20 1
2274 21 1
2274 22 1
2275 23 1
2275 24 1
2275 25 1
2275 26 1
2275 27 1
2276 28 1
2284 4 4
2284 10 3
2292 6 3
2292 9 3
2292 10 4
2300 6 4
2300 9 4
2316 4 3
2316 11 0
2316 12 0
2316 13 0
2316 14 0
2316 15 0
2316 16 0
2316 17 0
2316 18 0
2316 19 0
2316 20 0
2316 21 0
2316 22 0
2316 23 0
2316 24 0
2316 25 0
2316 26 0
2316 27 0
2316 28 0
2317 11 1
2317 12 1
2317 13 1
2317 14 1
2318 15 1
2318 16 1
2318 17 1
2318 18 1
2318 19 1
2318 20 1
2318 21 1
2318 22 1
2319 24 1
2319 23 1
2319 25 1
2319 26 1
2320 27 1
2320 28 1
2328 4 4
2328 10 3
2336 10 4
2336 6 3
2336 9 3
2344 6 4
2344 9 4
2360 4 3
2360 11 0
2360 12 0
2360 13 0
2360 14 0
2360 15 0
2360 16 0
2360 17 0
2360 18 0
2360 19 0
2360 20 0
2360 21 0
2360 22 0
2360 23 0
2360 24 0
2360 25 0
2360 26 0
2360 27 0
2360 28 0
2361 11 1
2361 12 1
2361 13 1
2361 14 1
2361 15 1
2361 16 1
2362 17 1
2362 18 1
2362 19 1
2362 20 1
2362 21 1
2362 22 1
2362 23 1
2362 24 1
2363 25 1
2363 26 1
2363 27 1
2363 28 1
2365 11 2
2369 11 3
2369 8 3
2369 10 3
2371 4 4
2377 8 4
2377 6 3
2377 9 3
2379 10 4
2385 6 4
2387 9 4
2393 11 4
2393 7 3
2401 7 4
2417 6 3
2417 10 3
2417 12 0
2417 13 0
2417 14 0
2417 15 0
2417 16 0
2417 17 0
2417 18 0
2417 19 0
2417 20 0
2417 21 0
2417 22 0
2417 23 0
2417 24 0
2417 25 0
2417 26 0
2417 27 0
2417 28 0
2418 12 1
2418 9 3
2418 13 1
2418 14 1
2418 15 1
2419 16 1
2419 17 1
2419 18 1
2419 19 1
2419 20 1
2419 21 1
2420 22 1
2420 23 1
2420 24 1
2420 25 1
2420 26 1
2420 27 1
2420 28 1
2421 12 2
2429 6 4
2429 11 3
2429 9 4
2437 11 4
2437 10 4
2437 5 3
2437 7 3
2445 7 4
2445 5 4
2461 6 3
2461 9 3
2461 12 1
2461 13 0
2461 14 0
2461 15 0
2461 16 0
2461 17 0
2461 18 0
2461 19 0
2461 20 0
2461 21 0
2461 22 0
2461 23 0
2461 24 0
2461 25 0
2461 26 0
2461 27 0
2461 28 0
2462 13 1
2462 14 1
2462 15 1
2462 16 1
2462 17 1
2463 18 1
2463 19 1
2463 20 1
2463 21 1
2463 22 1
2463 23 1
2463 24 1
2464 25 1
2464 26 1
2464 27 1
2464 28 1
2472 6 4
2472 9 4
2472 10 3
2472 11 3
2480 11 4
2480 5 3
2480 7 3
2480 10 4
2488 7 4
2488 5 4
2504 6 3
2504 9 3
2504 12 0
2504 13 0
2504 14 0
2504 15 0
2504 16 0
2504 17 0
2504 18 0
2504 19 0
2504 20 0
2504 21 0
2504 22 0
2504 23 0
2504 24 0
2504 25 0
2504 26 0
2504 27 0
2504 28 0
2505 13 1
2505 12 1
2506 14 1
2506 15 1
2506 16 1
2506 17 1
2506 18 1
2506 19 1
2506 20 1
2507 22 1
2507 21 1
2507 23 1
2507 24 1
2507 25 1
2507 26 1
2507 27 1
2507 28 1
2515 9 4
2515 6 4
2515 10 3
2515 11 3
2523 11 4
2523 10 4
2523 5 3
2523 7 3
2531 7 4
2531 5 4
2547 6 3
2547 9 3
2547 12 0
2547 13 0
2547 14 0
2547 15 0
2547 16 0
2547 17 0
2547 18 0
2547 19 0
2547 20 0
2547 21 0
2547 22 0
2547 23 0
2547 24 0
2547 25 0
2547 26 0
2547 27 0
2547 28 0
2548 12 1
2548 13 1
2548 14 1
2548 15 1
2548 16 1
2548 17 1
2548 18 1
2549 19 1
2549 20 1
2549 21 1
2549 22 1
2549 23 1
2549 24 1
2549 25 1
2549 26 1
2549 27 1
2550 28 1
2550 27 2
2558 6 4
2558 9 4
2558 10 3
2558 11 3
2566 11 4
2566 10 4
2566 5 3
2566 7 3
2568 12 2
2572 12 3
2574 5 4
2580 7 4
2580 4 3
2580 8 3
2582 12 4
2588 4 4
2590 8 4
2590 9 3
2598 9 4
2598 10 3
2598 11 3
2606 10 4
2606 5 3
2612 11 4
2612 7 3
2614 5 4
2614 12 3
2620 7 4
2620 4 3
2622 12 4
2622 8 3
2628 4 4
2630 8 4
2644 10 3
2644 11 3
2644 13 0
2644 14 0
2644 15 0
2644 16 0
2644 17 0
2644 18 0
2644 19 0
2644 20 0
2644 21 0
2644 22 0
2644 23 0
2644 24 0
2644 25 0
2644 26 0
2644 28 0
2645 13 1
2645 5 3
2645 14 1
2645 15 1
2645 16 1
2645 17 1
2645 18 1
2645 19 1
2645 20 1
2646 21 1
2646 27 1
2646 22 1
2646 23 1
2646 24 1
2646 25 1
2646 26 1
2646 28 1
2647 13 2
2655 10 4
2655 5 4
2655 7 3
2655 12 3
2663 7 4
2663 11 4
2663 4 3
2663 8 3
2671 4 4
2671 8 4
2679 12 4
2679 6 3
2687 6 4
2687 5 3
2687 10 3
2695 5 4
2695 10 4
2695 7 3
2695 11 3
2703 7 4
2703 11 4
2703 4 3
2703 8 3
2711 8 4
2711 4 4
2711 12 3
2719 12 4
2719 9 3
2727 9 4
2727 5 3
2727 10 3
2735 5 4
2735 10 4
2735 7 3
2735 11 3
2743 11 4
2743 7 4
2743 4 3
2743 8 3
2751 4 4
2751 8 4
2751 12 3
2759 12 4
2759 9 3
2767 9 4
2767 5 3
2767 10 3
2771 13 3
2775 5 4
2775 7 3
2775 11 3
2779 10 4
2783 7 4
2783 4 3
2783 8 3
2787 11 4
2791 4 4
2791 12 3
2795 8 4
2795 13 2
2799 12 4
2799 13 3
2799 6 3
2799 9 3
2807 9 4
2807 5 3
2807 6 4
2815 13 4
2815 5 4
2815 7 3
2815 10 3
2823 10 4
2823 7 4
2823 4 3
2823 11 3
2831 11 4
2831 4 4
2831 8 3
2831 12 3
2839 8 4
2839 12 4
2839 6 3
2839 9 3
2847 6 4
2847 9 4
2847 5 3
2847 13 3
2855 13 4
2855 5 4
2855 7 3
2855 10 3
2863 10 4
2863 7 4
2863 4 3
2863 11 3
2871 11 4
2871 4 4
2871 8 3
2871 12 3
2879 12 4
2879 8 4
2879 6 3
2879 9 3
2887 9 4
2887 5 3
2887 13 3
2887 6 4
2895 13 4
2895 5 4
2895 7 3
2895 10 3
2903 10 4
2903 7 4
2903 4 3
2903 11 3
2911 11 4
2911 4 4
2911 8 3
2911 12 3
2919 12 4
2919 8 4
2919 6 3
2919 9 3
2927 9 4
2927 6 4
2927 5 3
2927 13 3
2935 13 4
2935 5 4
2935 7 3
2935 10 3
2943 10 4
2943 7 4
2943 4 3
2943 11 3
2949 4 3
2951 11 4
2951 12 3
2959 12 4
2959 6 3
2959 9 3
2967 6 4
2967 5 3
2967 13 3
2969 14 2
2973 14 3
2973 9 4
2981 5 4
2981 13 4
2981 7 3
2981 10 3
2989 7 4
2989 10 4
2989 11 3
2997 11 4
2997 14 4
2997 8 3
2997 12 3
2998 15 2
2998 6 3
2998 17 2
3006 6 4
3006 9 3
3006 8 4
3014 9 4
3014 12 4
3014 5 3
3014 13 3
3022 5 4
3022 7 3
3022 10 3
3022 13 4
3030 7 4
3030 10 4
3030 11 3
3030 14 3
3038 11 4
3038 14 4
3038 6 3
3038 8 3
3046 6 4
3046 8 4
3046 9 3
3046 12 3
3054 9 4
3054 5 3
3054 13 3
3054 12 4
3062 5 4
3062 7 3
3062 10 3
3062 13 4
3070 7 4
3070 10 4
3070 11 3
3070 14 3
3078 11 4
3078 14 4
3078 6 3
3078 8 3
3086 6 4
3086 8 4
3086 9 3
3086 12 3
3094 9 4
3094 12 4
3094 5 3
3094 13 3
3102 5 4
3102 13 4
3102 7 3
3102 10 3
3110 7 4
3110 10 4
3110 11 3
3110 14 3
3118 11 4
3118 14 4
3118 6 3
3118 8 3
3126 6 4
3126 9 3
3126 12 3
3126 8 4
3134 9 4
3134 5 3
3134 13 3
3134 12 4
3142 5 4
3142 7 3
3142 10 3
3142 13 4
3150 7 4
3150 10 4
3150 11 3
3150 14 3
3158 11 4
3158 14 4
3158 6 3
3158 8 3
3166 6 4
3166 8 4
3166 9 3
3166 12 3
3174 9 4
3174 12 4
3174 5 3
3174 13 3
3178 15 3
3182 5 4
3182 7 3
3182 10 3
3186 13 4
3190 7 4
3190 11 3
3190 14 3
3194 10 4
3198 11 4
3198 6 3
3198 8 3
3202 14 4
3202 15 2
3206 15 3
3206 6 4
3206 9 3
3206 12 3
3214 8 4
3214 9 4
3214 5 3
3222 12 4
3222 5 4
3222 7 3
3222 13 3
3230 13 4
3230 7 4
3230 10 3
3230 11 3
3230 15 2
3234 15 3
3234 14 3
3238 10 4
3238 6 3
3242 11 4
3246 6 4
3246 8 3
3246 9 3
3250 14 4
3254 8 4
3254 5 3
3254 12 3
3258 9 4
3258 15 2
3262 15 3
3262 7 3
3262 13 3
3262 5 4
3270 12 4
3270 7 4
3270 10 3
3278 13 4
3278 10 4
3278 6 3
3278 11 3
3286 11 4
3286 6 4
3286 8 3
3286 14 3
3286 15 2
3290 15 3
3290 9 3
3294 8 4
3294 5 3
3298 9 4
3302 5 4
3302 7 3
3302 12 3
3306 14 4
3310 7 4
3310 10 3
3310 13 3
3314 12 4
3314 15 2
3318 15 3
3318 6 3
3318 11 3
3318 10 4
3326 11 4
3326 6 4
3326 8 3
3334 13 4
3334 8 4
3334 5 3
3334 9 3
3342 9 4
3342 5 4
3342 7 3
3342 14 3
3342 15 2
3346 15 3
3346 12 3
3350 7 4
3350 10 3
3354 12 4
3358 10 4
3358 6 3
3358 11 3
3362 14 4
3366 6 4
3366 8 3
3366 13 3
3370 11 4
3370 15 2
3374 15 3
3374 8 4
3374 5 3
3374 9 3
3376 16 2
3380 16 3
3382 5 4
3382 7 3
3388 9 4
3388 12 3
3388 13 2
3390 7 4
3390 10 3
3392 13 3
3398 10 4
3398 6 3
3398 14 3
3398 15 2
3400 12 4
3402 15 3
3402 11 3
3402 16 2
3406 16 3
3406 8 3
3408 6 4
3414 8 4
3414 5 3
3414 13 2
3416 11 4
3418 13 3
3424 5 4
3424 7 3
3424 9 3
3424 14 2
3424 15 2
3426 13 4
3428 14 3
3428 16 2
3430 15 3
3431 10 3
3431 12 3
3432 16 3
3439 7 4
3439 6 3
3440 9 4
3447 6 4
3448 8 3
3448 11 3
3448 10 4
3449 14 2
3449 18 2
3453 14 3
3453 12 2
3453 15 2
3453 16 2
3457 8 4
3457 5 3
3457 13 3
3457 12 3
3461 15 3
3461 16 3
3469 5 4
3469 11 4
3477 13 4
3477 12 4
3477 7 3
3477 9 3
3477 14 2
3478 20 2
3478 19 2
3482 14 3
3482 6 3
3482 10 3
3482 15 2
3482 16 2
3483 21 2
3486 7 4
3487 15 3
3490 16 3
3490 8 3
3495 6 4
3498 8 4
3503 9 4
3503 5 3
3503 11 3
3503 14 2
3506 10 4
3507 14 3
3514 5 4
3514 12 3
3514 13 3
3514 15 2
3514 16 2
3515 11 4
3518 15 3
3518 7 3
3519 16 3
3526 7 4
3526 6 3
3527 12 4
3534 6 4
3534 8 3
3534 9 3
3534 14 2
3535 13 4
3538 14 3
3538 10 3
3543 8 4
3543 15 2
3543 16 2
3546 9 4
3546 5 3
3546 11 3
3547 15 3
3550 16 3
3555 5 4
3558 10 4
3558 7 3
3558 12 3
3563 11 4
3563 14 2
3566 7 4
3566 6 3
3566 13 3
3567 14 3
3574 6 4
3574 8 3
3574 15 2
3574 16 2
3575 12 4
3578 15 3
3578 9 3
3579 16 3
3582 17 3
3587 8 4
3587 5 3
3587 13 2
3590 9 4
3590 10 3
3590 14 2
3591 13 3
3594 14 3
3594 11 3
3599 5 4
3599 7 3
3599 15 2
3602 10 4
3602 16 2
3603 15 3
3603 17 2
3606 16 3
3606 6 3
3606 12 3
3607 17 3
3614 6 4
3614 13 2
3615 7 4
3615 11 2
3615 14 2
3618 13 3
3618 8 3
3619 11 3
3622 14 3
3622 9 3
3627 8 4
3627 12 2
3627 15 2
3627 16 2
3630 9 4
3630 5 3
3630 17 2
3631 12 3
3634 15 3
3634 10 3
3635 16 3
3638 17 3
3643 5 4
3643 11 2
3643 13 2
3643 14 2
3646 10 4
3646 6 3
3646 7 3
3647 11 3
3650 13 3
3651 14 3
3658 6 4
3658 8 3
3658 12 2
3658 15 2
3658 16 2
3659 7 4
3659 17 2
3662 12 3
3662 9 3
3663 15 3
3666 16 3
3667 17 3
3674 8 4
3674 5 3
3674 11 2
3674 13 2
3674 14 2
3675 9 4
3678 11 3
3678 10 3
3679 13 3
3682 14 3
3687 5 4
3687 12 2
3687 15 2
3687 16 2
3690 10 4
3690 6 3
3690 7 3
3690 17 2
3691 12 3
3694 15 3
3695 16 3
3698 17 3
3703 6 4
3703 11 2
3703 13 2
3703 14 2
3706 7 4
3706 8 3
3706 9 3
3707 11 3
3710 13 3
3711 14 3
3718 8 4
3718 5 3
3718 12 2
3718 15 2
3718 16 2
3719 9 4
3719 17 2
3722 12 3
3722 10 3
3723 15 3
3726 16 3
3727 17 3
3732 5 3
3732 11 2
3732 13 2
3732 14 2
3735 10 4
3735 6 3
3736 11 3
3739 13 3
3739 7 3
3740 14 3
3747 6 4
3747 12 2
3747 15 2
3747 16 2
3748 7 4
3748 17 2
3751 12 3
3751 8 3
3751 9 3
3752 15 3
3755 16 3
3756 17 3
3757 11 2
3761 11 3
3761 13 2
3761 14 2
3763 8 4
3763 3 3
3765 13 3
3767 14 3
3767 10 3
3773 9 4
3773 12 2
3773 15 2
3775 10 4
3777 12 3
3777 16 2
3777 17 2
3778 22 2
3779 15 3
3779 6 3
3779 7 3
3780 23 2
3784 17 3
3784 16 3
3784 11 2
3784 18 1
3784 19 1
3784 20 1
3784 21 1
3786 18 2
3787 13 2
3788 19 2
3788 14 2
3789 20 2
3789 11 3
3793 13 3
3793 14 3
3797 18 3
3797 8 3
3801 6 4
3801 12 2
3801 15 2
3805 7 4
3805 12 3
3805 9 3
3805 16 2
3805 17 2
3809 15 3
3809 16 3
3809 10 3
3813 17 3
3813 11 2
3814 21 2
3815 13 2
3815 14 2
3817 8 4
3819 11 3
3819 18 2
3821 13 3
3823 14 3
3825 18 3
3831 9 4
3831 12 2
3831 15 2
3831 16 2
3833 10 4
3833 6 3
3835 12 3
3835 17 2
3837 15 3
3837 7 3
3839 16 3
3841 17 3
3841 11 2
3845 11 3
3845 13 2
3845 14 2
3847 6 4
3848 8 3
3848 18 2
3849 24 2
3850 13 3
3854 14 3
3855 18 3
3855 19 1
3855 20 1
3855 21 1
3855 22 1
3855 23 1
3856 12 2
3856 19 2
3860 12 3
3860 15 2
3860 16 2
3864 7 4
3865 15 3
3865 9 3
3865 10 3
3865 17 2
3869 17 3
3869 16 3
3869 8 2
3869 11 2
3870 20 2
3874 11 3
3874 8 3
3874 13 2
3874 19 1
3874 24 1
3875 14 2
3875 21 2
3875 19 2
3879 13 3
3879 14 3
3879 6 3
3879 18 2
3883 18 3
3883 12 2
3887 6 4
3887 12 3
3887 9 2
3887 10 2
3887 15 2
3891 10 3
3891 9 3
3891 16 2
3891 17 2
3895 16 3
3895 15 3
3895 7 3
3895 8 2
3895 11 2
3895 19 1
3895 20 1
3895 21 1
3896 19 2
3900 11 3
3900 8 3
3900 13 2
3900 14 2
3904 14 3
3904 13 3
3904 18 2
3908 18 3
3908 17 3
3908 12 2
3912 12 3
3912 9 2
3912 10 2
3916 7 4
3916 9 3
3916 15 2
3916 16 2
3917 20 2
3917 22 2
3921 15 3
3921 10 3
3921 6 3
3921 8 2
3921 11 2
3925 11 3
3925 8 3
3925 13 2
3925 14 2
3925 19 1
3929 13 3
3929 14 3
3929 17 2
3929 18 2
3933 16 3
3933 17 3
3933 12 2
3933 20 1
3933 22 1
3937 12 3
3937 9 2
3937 18 3
3941 9 3
3945 6 4
3945 10 2
3945 15 2
3949 8 4
3949 10 3
3949 7 3
3949 11 2
3953 11 3
3953 15 3
3953 13 2
3953 14 2
3957 13 3
3957 16 2
3957 17 2
3957 14 3
3961 16 3
3961 17 3
3961 12 2
3961 18 2
3965 12 3
3965 18 3
3965 9 2
3969 9 3
3973 7 4
3973 10 2
3974 11 2
3974 15 2
3974 19 2
3977 9 4
3977 6 3
3978 10 3
3978 13 2
3978 14 2
3981 11 3
3981 8 3
3982 13 3
3982 16 2
3982 17 2
3985 14 3
3986 15 3
3986 12 2
3986 18 2
3989 16 3
3990 12 3
3991 19 1
3993 17 3
3993 19 2
3997 19 3
3997 18 3
4005 8 4
4005 7 3
4005 10 2
4005 11 2
4005 13 2
4005 6 4
4009 11 3
4009 10 3
4009 9 3
4009 14 2
4009 15 2
4013 14 3
4013 13 3
4013 12 2
4013 16 2
4017 15 3
4017 17 2
4017 12 3
4018 18 2
4018 19 2
4019 20 2
4019 21 2
4023 17 3
4023 16 3
4027 18 3
4027 7 2
4027 19 3
4031 7 3
4031 10 2
4031 11 2
4035 9 4
4035 10 3
4035 13 2
4035 14 2
4039 13 3
4039 6 3
4039 8 3
4039 12 2
4039 15 2
4039 11 3
4043 14 3
4043 20 1
4043 21 1
4043 12 3
4047 15 3
4047 16 2
4047 17 2
4051 6 4
4051 18 2
4051 19 2
4051 16 3
4055 18 3
4055 7 2
4055 17 3
4056 10 2
4060 7 3
4060 8 2
4060 11 2
4060 13 2
4060 10 3
4064 11 3
4064 8 3
4064 12 2
4064 14 2
4068 13 3
4068 12 3
4068 9 3
4068 15 2
4068 19 1
4070 19 2
4072 14 3
4072 16 2
4074 15 3
4076 16 3
4076 17 2
4076 18 2
4078 19 3
4080 17 3
4082 18 3
4082 6 3
4082 10 2
4086 10 3
4086 8 2
4086 11 2
4088 7 4
4090 8 3
4090 9 2
4090 12 2
4090 13 2
4092 11 3
4094 9 3
4094 14 2
4096 12 3
4096 15 2
4098 13 3
4098 16 2
4100 14 3
4100 19 2
4102 15 3
4102 17 2
4104 16 3
4104 6 2
4104 18 2
4106 17 3
4108 6 3
4108 10 2
4110 18 3
4112 10 3
4112 8 2
4114 19 3
4114 11 2
4116 8 3
4116 9 2
4118 11 3
4118 12 2
4120 9 3
4120 7 3
4120 13 2
4122 12 3
4122 14 2
4124 13 3
4124 15 2
4126 14 3
4126 16 2
4128 15 3
4128 17 2
4130 16 3
4130 6 2
4132 17 3
4132 18 2
4134 6 3
4134 10 2
4136 18 3
4136 19 2
4138 10 3
4138 8 2
4140 19 3
4140 11 2
4142 8 3
4142 7 2
4142 9 2
4144 11 3
4144 12 2
4146 7 3
4146 13 2
4148 9 3
4148 14 2
4150 12 3
4150 15 2
4152 13 3
4152 16 2
4154 14 3
4154 17 2
4156 15 3
4156 6 2
4158 16 3
4158 18 2
4160 6 3
4160 10 2
4162 17 3
4162 19 2
4164 10 3
4164 8 2
4166 18 3
4167 7 2
4167 11 2
4169 8 3
4169 9 2
4171 7 3
4171 12 2
4173 9 3
4173 13 2
4175 11 3
4175 14 2
4177 12 3
4177 15 2
4179 13 3
4179 16 2
4179 19 1
4181 19 2
4181 14 3
4181 6 2
4185 15 3
4186 6 3
4186 10 2
4186 17 2
4188 20 2
4188 18 2
4190 10 3
4191 8 2
4192 21 2
4192 7 2
4193 16 3
4196 7 3
4196 9 2
4196 11 2
4197 8 3
4197 19 1
4199 19 2
4199 12 2
4200 9 3
4200 13 2
4203 11 3
4203 14 2
4203 17 1
4204 12 3
4204 18 1
4204 20 1
4205 17 2
4206 18 2
4206 15 2
4207 20 2
4207 6 2
4210 13 3
4210 21 1
4211 6 3
4211 10 2
4214 14 3
4214 16 2
4215 10 3
4215 19 1
4215 21 2
4217 19 2
4217 7 2
4220 15 3
4220 8 2
4221 7 3
4221 9 2
4221 17 1
4223 17 2
4223 18 1
4223 20 1
4224 8 3
4224 11 2
4225 18 2
4225 12 2
4226 20 2
4229 9 3
4230 11 3
4230 16 1
4232 16 2
4232 6 2
4232 13 2
4232 21 1
4233 12 3
4233 19 1
4235 19 2
4235 14 2
4236 6 3
4236 10 2
4239 13 3
4239 17 1
4240 10 3
4241 17 2
4241 15 2
4241 18 1
4243 18 2
4243 7 2
4243 20 1
4244 14 3
4245 20 2
4245 8 2
4248 7 3
4248 16 1
4249 8 3
4250 16 2
4250 9 2
4253 15 3
4254 11 2
4254 12 2
4254 19 1
4254 9 3
4256 19 2
4259 11 3
4259 6 2
4259 17 1
4259 18 1
4260 12 3
4260 13 2
4261 17 2
4261 10 2
4261 20 1
4262 18 2
4263 20 2
4267 10 3
4267 14 2
4267 16 1
4267 6 3
4269 16 2
4269 7 2
4271 13 3
4271 8 2
4273 7 3
4273 19 1
4275 19 2
4275 8 3
4275 9 2
4275 15 2
4279 9 3
4279 14 3
4279 17 1
4279 18 1
4279 20 1
4281 17 2
4281 11 2
4281 12 2
4282 18 2
4283 20 2
4286 11 3
4286 16 1
4287 12 3
4288 16 2
4288 6 2
4288 10 2
4291 15 3
4291 19 1
4292 6 3
4292 13 2
4293 19 2
4296 10 3
4296 7 2
4296 8 2
4297 13 3
4297 17 1
4299 17 2
4299 18 1
4299 20 1
4300 7 3
4300 9 2
4300 14 2
4301 18 2
4302 20 2
4305 8 3
4305 16 1
4306 9 3
4307 16 2
4307 11 2
4310 14 3
4310 12 2
4310 19 1
4311 11 3
4312 19 2
4313 6 2
4313 15 2
4313 21 2
4315 12 3
4315 17 1
4317 17 2
4317 6 3
4317 10 2
4317 18 1
4318 13 2
4319 20 1
4319 18 2
4320 20 2
4321 7 2
4323 10 3
4323 16 1
4325 16 2
4325 7 3
4329 13 3
4329 8 2
4329 9 2
4329 19 1
4329 21 1
4329 15 3
4331 19 2
4331 14 2
4333 8 3
4333 11 2
4333 17 1
4335 9 3
4335 18 1
4335 17 2
4337 18 2
4337 12 2
4337 20 1
4339 20 2
4339 6 2
4339 11 3
4343 6 3
4343 16 1
4343 12 3
4345 16 2
4345 10 2
4347 14 3
4347 7 2
4347 19 1
4349 10 3
4349 19 2
4353 16 3
4353 13 2
4353 15 2
4353 17 1
4353 18 1
4353 7 3
4355 17 2
4355 8 2
4355 20 1
4355 18 2
4357 20 2
4357 9 2
4359 8 3
4361 9 3
4361 11 2
4363 13 3
4365 11 3
4365 6 2
4365 12 2
4365 19 1
4367 19 2
4367 15 3
4371 6 3
4371 12 3
4371 10 2
4371 14 2
4371 17 1
4371 18 1
4373 17 2
4373 20 1
4373 18 2
4374 7 2
4374 16 2
4374 21 2
4375 20 2
4380 7 3
4380 8 2
4380 10 3
4384 14 3
4384 9 2
4384 13 2
4384 19 1
4384 8 3
4386 19 2
4386 11 2
4388 9 3
4389 15 2
4390 16 1
4390 17 1
4390 18 1
4390 11 3
4391 16 2
4391 20 1
4391 21 1
4392 17 2
4392 6 2
4392 12 2
4393 18 2
4394 20 2
4395 21 2
4398 6 3
4400 12 3
4401 7 2
4401 10 2
4401 22 2
4402 13 3
4402 19 1
4404 19 2
4405 7 3
4406 8 2
4406 14 2
4406 15 1
4408 10 3
4408 15 2
4408 16 1
4408 17 1
4410 16 2
4410 9 2
4410 18 1
4410 20 1
4410 17 2
4412 18 2
4412 11 2
4412 21 1
4412 20 2
4414 21 2
4417 8 3
4417 22 1
4418 9 3
4421 11 3
4422 6 2
4422 12 2
4422 19 1
4422 14 3
4423 19 2
4424 13 2
4425 15 1
4426 6 3
4426 16 1
4426 17 1
4427 15 2
4427 7 2
4428 16 2
4428 18 1
4429 17 2
4429 10 2
4429 20 1
4430 18 2
4430 21 1
4431 20 2
4432 21 2
4435 7 3
4436 10 3
4439 12 3
4440 8 2
4440 9 2
4440 19 1
4440 13 3
4442 19 2
4445 8 3
4445 11 2
4445 14 2
4445 15 1
4445 16 1
4445 17 1
4446 9 3
4447 6 2
4447 18 1
4447 20 1
4447 15 2
4448 21 1
4448 16 2
4450 17 2
4451 18 2
4452 20 2
4453 21 2
4456 6 3
4456 7 2
4458 11 3
4458 10 2
4458 19 1
4460 7 3
4460 19 2
4464 14 3
4464 10 3
4464 12 2
4464 13 2
4464 15 1
4466 15 2
4466 8 2
4466 16 1
4466 17 1
4468 16 2
4468 12 3
4468 9 2
4468 18 1
4468 20 1
4470 17 2
4470 18 2
4470 21 1
4472 20 2
4472 21 2
4476 9 3
4476 8 3
4476 19 1
4478 19 2
4478 6 2
4480 13 3
4480 11 2
4482 6 3
4482 7 2
4482 15 1
4484 15 2
4484 11 3
4484 16 1
4486 16 2
4486 10 2
4486 14 2
4486 17 1
4486 18 1
4488 17 2
4488 7 3
4488 20 1
4488 21 1
4490 18 2
4490 12 2
4490 20 2
4492 21 2
4494 10 3
4494 19 1
4496 12 3
4496 19 2
4500 15 3
4500 14 3
4500 8 2
4500 9 2
4504 9 3
4504 8 3
4504 6 2
4504 13 2
4504 16 1
4504 17 1
4506 16 2
4506 17 2
4506 11 2
4506 18 1
4506 20 1
4508 18 2
4508 20 2
4508 21 1
4510 21 2
4510 7 2
4512 6 3
4512 19 1
4514 7 3
4514 19 2
4518 11 3
4518 13 3
4518 10 2
4518 12 2
4522 12 3
4522 10 3
4522 14 2
4522 15 2
4522 16 1
4522 17 1
4524 16 2
4524 18 1
4524 20 1
4524 17 2
4526 18 2
4526 8 2
4526 9 2
4526 21 1
4526 20 2
4528 21 2
4530 8 3
4530 19 1
4532 9 3
4532 19 2
4536 15 3
4536 14 3
4536 6 2
4536 7 2
4540 7 3
4540 6 3
4540 11 2
4540 13 2
4540 16 1
4540 17 1
4542 16 2
4542 17 2
4542 18 1
4542 20 1
4544 18 2
4544 20 2
4544 10 2
4544 12 2
4544 21 1
4546 21 2
4548 10 3
4548 19 1
4550 11 3
4550 19 2
4554 13 3
4554 8 2
4554 9 2
4554 12 3
4558 9 3
4558 8 3
4558 14 2
4558 15 2
4558 16 1
4558 17 1
4560 16 2
4560 17 2
4560 18 1
4560 20 1
4562 18 2
4562 20 2
4562 6 2
4562 7 2
4562 21 1
4564 21 2
4566 6 3
4566 19 1
4568 7 3
4568 19 2
4572 15 3
4572 14 3
4572 10 2
4572 11 2
4576 11 3
4576 10 3
4576 12 2
4576 13 2
4576 16 1
4576 17 1
4578 16 2
4578 17 2
4578 18 1
4578 20 1
4580 18 2
4580 20 2
4580 8 2
4580 9 2
4580 21 1
4582 21 2
4582 22 2
4586 9 3
4586 8 3
4586 19 1
4588 19 2
4588 6 2
4590 12 3
4590 7 2
4592 6 3
4592 13 1
4594 13 2
4594 7 3
4594 14 2
4594 15 2
4594 16 1
4594 17 1
4596 16 2
4596 17 2
4596 18 1
4596 20 1
4598 18 2
4598 20 2
4598 10 2
4598 11 2
4598 21 1
4598 22 1
4600 21 2
4600 22 2
4604 10 3
4604 19 1
4604 11 3
4606 19 2
4608 13 3
4608 8 2
4608 9 2
4610 14 3
4610 15 1
4612 15 2
4612 8 3
4612 12 2
4612 16 1
4612 17 1
4614 16 2
4614 17 2
4614 6 2
4614 18 1
4614 20 1
4616 18 2
4616 20 2
4616 7 2
4616 21 1
4616 22 1
4618 21 2
4618 22 2
4622 6 3
4622 7 3
4622 19 1
4624 19 2
4626 9 3
4626 10 2
4626 11 2
4628 12 3
4628 15 1
4630 15 2
4630 10 3
4630 13 2
4630 16 1
4630 17 1
4632 16 2
4632 17 2
4632 14 2
4632 18 1
4632 20 1
4634 18 2
4634 8 2
4634 21 1
4634 22 1
4634 20 2
4636 21 2
4636 22 2
4640 8 3
4640 11 3
4640 19 1
4642 19 2
4644 13 3
4644 6 2
4644 7 2
4646 14 3
4646 15 1
4648 15 2
4648 6 3
4648 9 2
4648 16 1
4648 17 1
4650 16 2
4650 17 2
4650 12 2
4650 18 1
4650 20 1
4652 18 2
4652 20 2
4652 10 2
4652 21 1
4652 22 1
4654 21 2
4654 22 2
4658 7 3
4658 19 1
4658 9 3
4660 19 2
4662 10 3
4662 8 2
4662 11 2
4664 12 3
4664 15 1
4666 15 2
4666 8 3
4666 13 2
4666 16 1
4666 17 1
4668 16 2
4668 17 2
4668 14 2
4668 18 1
4668 20 1
4670 18 2
4670 20 2
4670 6 2
4670 21 1
4670 22 1
4672 21 2
4672 22 2
4676 6 3
4676 11 3
4676 19 1
4678 19 2
4680 13 3
4680 7 2
4680 9 2
4682 14 3
4682 15 1
4684 15 2
4684 10 2
4684 16 1
4684 17 1
4684 7 3
4686 16 2
4686 12 2
4686 18 1
4686 20 1
4686 17 2
4688 18 2
4688 20 2
4688 8 2
4688 21 1
4688 22 1
4690 21 2
4690 22 2
4694 8 3
4694 19 1
4694 9 3
4696 19 2
4698 10 3
4698 6 2
4698 11 2
4700 12 3
4700 15 1
4702 15 2
4702 13 2
4702 16 1
4702 17 1
4702 6 3
4704 16 2
4704 14 2
4704 18 1
4704 20 1
4704 17 2
4706 18 2
4706 20 2
4706 7 2
4706 21 1
4706 22 1
4708 21 2
4708 22 2
4712 7 3
4712 19 1
4712 11 3
4714 19 2
4716 13 3
4716 8 2
4716 9 2
4718 14 3
4718 15 1
4720 15 2
4720 10 2
4720 16 1
4720 17 1
4720 8 3
4722 16 2
4722 17 2
4722 12 2
4722 18 1
4722 20 1
4724 18 2
4724 6 2
4724 21 1
4724 22 1
4724 20 2
4726 21 2
4726 22 2
4730 6 3
4730 19 1
4730 9 3
4732 19 2
4734 10 3
4734 7 2
4734 11 2
4736 12 3
4736 15 1
4738 15 2
4738 13 2
4738 16 1
4738 17 1
4738 7 3
4740 16 2
4740 17 2
4740 14 2
4740 18 1
4740 20 1
4742 18 2
4742 8 2
4742 21 1
4742 22 1
4742 20 2
4744 21 2
4744 22 2
4748 8 3
4748 19 1
4748 11 3
4750 19 2
4752 13 3
4752 6 2
4752 9 2
4754 14 3
4754 15 1
4756 15 2
4756 10 2
4756 16 1
4756 17 1
4756 6 3
4758 16 2
4758 12 2
4758 18 1
4758 20 1
4758 17 2
4760 18 2
4760 7 2
4760 21 1
4760 22 1
4760 20 2
4762 21 2
4762 22 2
4766 7 3
4766 19 1
4766 9 3
4768 19 2
4770 10 3
4770 8 2
4770 11 2
4771 23 2
4772 15 1
4772 12 3
4773 13 2
4774 15 2
4774 16 1
4774 17 1
4776 16 2
4776 14 2
4776 18 1
4776 20 1
4777 8 3
4777 6 2
4778 17 2
4778 21 1
4778 22 1
4779 18 2
4780 20 2
4781 21 2
4782 22 2
4785 6 3
4785 19 1
4786 11 3
4787 19 2
4787 7 2
4787 9 2
4790 13 3
4790 15 1
4790 23 1
4791 7 3
4791 10 2
4792 15 2
4792 14 1
4792 16 1
4793 23 2
4793 12 2
4794 14 2
4794 17 1
4795 16 2
4795 18 1
4796 17 2
4796 20 1
4797 18 2
4797 21 1
4798 20 2
4798 8 2
4798 22 1
4798 24 0
4798 25 0
4798 26 0
4799 27 0
4799 28 0
4799 24 1
4799 21 2
4799 25 1
4799 26 1
4799 27 1
4799 28 1
4801 22 2
4803 8 3
4803 19 1
4805 19 2
4805 9 3
4809 12 3
4809 6 2
4809 11 2
4809 15 1
4809 23 1
4809 10 3
4811 15 2
4811 23 2
4811 13 2
4811 14 1
4811 16 1
4813 14 2
4813 16 2
4813 7 2
4813 17 1
4813 18 1
4815 17 2
4815 18 2
4815 20 1
4815 21 1
4817 20 2
4817 22 1
4817 24 0
4817 25 0
4817 26 0
4817 27 0
4817 28 0
4817 21 2
4817 24 1
4817 25 1
4817 26 1
4818 27 1
4818 28 1
4820 22 2
4822 6 3
4822 19 1
4824 7 3
4824 19 2
4824 8 2
4828 11 3
4828 8 3
4828 9 2
4828 13 1
4828 15 1
4828 23 1
4830 13 2
4830 15 2
4830 10 2
4830 12 2
4830 14 1
4830 16 1
4832 14 2
4832 17 1
4832 18 1
4832 16 2
4834 17 2
4834 18 2
4834 20 1
4834 21 1
4836 20 2
4836 21 2
4836 22 1
4836 24 0
4836 25 0
4836 26 0
4836 27 0
4836 28 0
4837 25 1
4837 24 1
4837 26 1
4837 27 1
4837 28 1
4839 22 2
4839 23 2
4843 9 3
4843 6 2
4843 19 1
4843 10 3
4845 19 2
4845 7 2
4847 6 3
4847 12 1
4847 13 1
4847 15 1
4849 7 3
4849 8 2
4849 11 2
4849 14 1
4849 16 1
4849 12 2
4851 13 2
4851 17 1
4851 18 1
4851 14 2
4853 15 2
4853 16 2
4853 20 1
4853 21 1
4855 17 2
4855 18 2
4855 22 1
4855 23 1
4857 20 2
4857 24 0
4857 25 0
4857 26 0
4857 27 0
4857 28 0
4857 21 2
4857 24 1
4857 25 1
4857 26 1
4858 27 1
4858 28 1
4860 22 2
4860 23 2
4864 11 3
4864 8 3
4864 9 2
4864 10 2
4864 19 1
4866 19 2
4866 12 1
4868 12 2
4868 9 3
4868 6 2
4868 13 1
4868 14 1
4870 13 2
4870 14 2
4870 7 2
4870 15 1
4870 16 1
4872 15 2
4872 17 1
4872 18 1
4872 16 2
4874 17 2
4874 18 2
4874 20 1
4874 21 1
4876 20 2
4876 22 1
4876 23 1
4876 24 0
4876 25 0
4876 26 0
4876 27 0
4876 28 0
4877 21 2
4877 25 1
4877 24 1
4877 26 1
4877 27 1
4877 28 1
4879 22 2
4879 23 2
4883 7 3
4883 6 3
4883 10 1
4883 19 1
4885 10 2
4885 19 2
4885 8 2
4885 11 2
4885 12 1
4887 12 2
4887 13 1
4887 14 1
4889 13 2
4889 9 2
4889 15 1
4889 16 1
4889 8 3
4891 14 2
4891 17 1
4891 18 1
4891 15 2
4893 16 2
4893 17 2
4893 20 1
4893 21 1
4895 18 2
4895 20 2
4895 22 1
4895 23 1
4897 21 2
4897 24 0
4897 25 0
4897 26 0
4897 27 0
4897 28 0
4897 22 2
4897 24 1
4897 25 1
4897 26 1
4898 27 1
4898 28 1
4900 23 2
4902 9 3
4902 11 1
4902 19 1
4904 11 2
4904 10 3
4904 6 2
4904 7 2
4904 12 1
4906 12 2
4906 19 2
4906 13 1
4908 13 2
4908 14 1
4908 15 1
4910 14 2
4910 8 2
4910 16 1
4910 17 1
4910 6 3
4912 15 2
4912 18 1
4912 20 1
4912 16 2
4914 17 2
4914 18 2
4914 21 1
4914 22 1
4916 20 2
4916 23 1
4916 21 2
4918 22 2
4918 23 2
4918 24 0
4918 25 0
4918 26 0
4918 27 0
4918 28 0
4919 24 1
4919 25 1
4919 26 1
4919 27 1
4919 28 1
4923 7 3
4923 8 3
4923 9 2
4923 11 1
4923 12 1
4923 19 1
4925 11 2
4925 12 2
4925 10 2
4925 13 1
4927 13 2
4927 14 1
4927 19 2
4929 14 2
4929 15 1
4929 16 1
4931 15 2
4931 6 2
4931 17 1
4931 18 1
4931 9 3
4933 16 2
4933 20 1
4933 21 1
4933 17 2
4935 18 2
4935 20 2
4935 22 1
4935 23 1
4937 21 2
4937 22 2
4939 23 2
4941 6 3
4941 11 1
4941 12 1
4943 10 3
4943 11 2
4943 13 1
4943 19 1
4945 12 2
4945 13 2
4945 7 2
4945 8 2
4945 14 1
4947 14 2
4947 15 1
4947 19 2
4949 15 2
4949 16 1
4949 17 1
4951 16 2
4951 7 3
4951 18 1
4951 20 1
4953 17 2
4953 18 2
4953 9 2
4953 21 1
4953 22 1
4955 20 2
4955 21 2
4955 23 1
4957 22 2
4957 23 2
4961 9 3
4961 11 1
4961 12 1
4961 13 1
4961 8 3
4963 11 2
4963 12 2
4963 6 2
4963 14 1
4963 19 1
4965 13 2
4965 10 2
4965 15 1
4965 14 2
4967 15 2
4967 16 1
4967 19 2
4969 16 2
4969 17 1
4969 18 1
4971 17 2
4971 20 1
4971 21 1
4971 6 3
4973 18 2
4973 20 2
4973 7 2
4973 22 1
4973 23 1
4975 21 2
4975 22 2
4977 23 2
4979 7 3
4979 11 1
4979 12 1
4981 10 3
4981 11 2
4981 13 1
4981 14 1
4983 12 2
4983 8 2
4983 9 2
4983 15 1
4983 19 1
4983 13 2
4985 14 2
4985 15 2
4985 16 1
4987 19 2
4987 17 1
4987 16 2
4989 17 2
4989 18 1
4989 20 1
4989 25 0
4989 26 0
4989 27 0
4989 28 0
4989 24 2
4989 25 1
4990 26 1
4990 27 1
4990 28 1
4992 18 2
4992 20 2
4992 6 2
4992 21 1
4992 22 1
4994 21 2
4994 23 1
4994 22 2
4996 23 2
4998 6 3
4998 11 1
5000 8 3
5000 7 2
5000 9 1
5000 12 1
5000 13 1
5000 11 2
5002 9 2
5002 10 2
5002 14 1
5002 15 1
5002 12 2
5004 13 2
5004 14 2
5004 16 1
5004 19 1
5006 15 2
5006 17 1
5006 24 1
5006 16 2
5007 25 0
5007 26 0
5007 27 0
5007 28 0
5007 25 1
5007 26 1
5008 18 1
5008 20 1
5008 27 1
5008 17 2
5008 28 1
5010 18 2
5010 21 1
5010 22 1
5010 19 2
5012 20 2
5012 21 2
5012 23 1
5014 22 2
5014 23 2
5016 24 2
5016 11 1
5018 11 2
5018 9 1
5018 10 1
5018 12 1
5018 7 3
5020 9 2
5020 6 2
5020 13 1
5020 14 1
5020 10 2
5022 12 2
5022 8 2
5022 15 1
5022 13 2
5024 14 2
5024 15 2
5024 16 1
5024 17 1
5026 16 2
5026 18 1
5026 19 1
5026 25 0
5026 26 0
5026 27 0
5026 28 0
5027 17 2
5027 26 1
5027 25 1
5027 27 1
5027 28 1
5029 19 2
5029 20 1
5029 21 1
5029 18 2
5031 20 2
5031 22 1
5031 23 1
5031 21 2
5033 22 2
5033 24 1
5033 23 2
5035 24 2
5035 11 1
5037 11 2
5037 9 1
5037 10 1
5037 6 3
5039 9 2
5039 7 2
5039 8 1
5039 12 1
5039 13 1
5039 10 2
5041 8 2
5041 14 1
5041 15 1
5041 12 2
5043 13 2
5043 14 2
5043 16 1
5043 17 1
5045 15 2
5045 18 1
5045 19 1
5045 25 0
5045 26 0
5045 27 0
5045 28 0
5045 16 2
5045 25 1
5046 26 1
5046 27 1
5046 28 1
5048 17 2
5048 18 2
5048 20 1
5048 21 1
5050 19 2
5050 22 1
5050 23 1
5050 20 2
5052 21 2
5052 22 2
5052 24 1
5054 23 2
5054 24 2
5054 11 1
5056 11 2
5056 9 1
5056 10 1
5058 9 2
5058 6 2
5058 8 1
5058 12 1
5058 7 3
5060 8 2
5060 13 1
5060 14 1
5060 10 2
5062 12 2
5062 15 1
5062 16 1
5062 13 2
5064 14 2
5064 15 2
5064 17 1
5064 18 1
5066 16 2
5066 19 1
5066 20 1
5066 25 0
5066 26 0
5066 27 0
5066 28 0
5066 17 2
5066 25 1
5067 26 1
5067 27 1
5067 28 1
5069 19 2
5069 21 1
5069 22 1
5069 18 2
5071 20 2
5071 21 2
5071 23 1
5071 24 1
5073 22 2
5073 11 1
5073 23 2
5075 11 2
5075 6 1
5075 9 1
5075 24 2
5077 6 2
5077 9 2
5077 8 1
5077 10 1
5077 25 0
5077 25 1
5079 10 2
5079 7 2
5079 12 1
5079 13 1
5079 26 0
5079 27 0
5079 28 0
5079 8 2
5079 26 1
5080 27 1
5080 14 1
5080 15 1
5080 28 1
5082 13 2
5082 12 2
5082 16 1
5082 17 1
5084 14 2
5084 15 2
5086 16 2
5086 17 2
5086 18 1
5086 19 1
5088 18 2
5088 20 1
5088 21 1
5088 25 0
5088 19 2
5088 25 1
5090 21 2
5090 20 2
5090 22 1
5090 23 1
5090 26 0
5090 26 1
5092 23 2
5092 11 1
5092 24 1
5092 27 0
5092 28 0
5092 22 2
5092 27 1
5092 28 1
5094 11 2
5094 24 2
5094 6 1
5094 9 1
5096 6 2
5096 9 2
5096 7 1
5096 8 1
5096 10 1
5098 7 2
5098 8 2
5098 12 1
5098 13 1
5100 10 2
5100 14 1
5100 15 1
5100 25 0
5100 12 2
5100 25 1
5102 14 2
5102 16 1
5102 17 1
5102 26 0
5102 13 2
5102 26 1
5104 16 2
5104 15 2
5104 18 1
5104 19 1
5104 27 0
5104 28 0
5104 27 1
5104 28 1
5106 17 2
5106 18 2
5106 20 1
5106 21 1
5108 19 2
5108 20 2
5108 22 1
5108 23 1
5110 21 2
5110 22 2
5110 11 1
5110 24 1
5112 11 2
5112 23 2
5112 6 1
5112 9 1
5112 25 0
5112 25 1
5114 9 2
5114 6 2
5114 7 1
5114 8 1
5114 26 0
5114 26 1
5116 8 2
5116 7 2
5116 10 1
5116 12 1
5116 27 0
5116 28 0
5116 27 1
5117 28 1
5119 12 2
5119 10 2
5119 13 1
5119 14 1
5121 13 2
5121 14 2
5121 15 1
5121 16 1
5121 24 0
5122 24 1
5122 17 1
5122 18 1
5123 15 2
5123 25 0
5123 25 1
5124 16 2
5124 19 1
5124 20 1
5125 17 2
5125 26 0
5125 26 1
5126 18 2
5126 21 1
5126 22 1
5127 19 2
5127 27 0
5127 27 1
5128 20 2
5128 11 1
5128 23 1
5128 28 0
5128 28 1
5129 21 2
5130 11 2
5130 6 1
5130 9 1
5130 6 1
5131 22 2
5132 9 2
5132 7 1
5132 8 1
5133 23 2
5133 24 0
5134 7 2
5134 24 1
5134 25 0
5134 25 1
5136 24 2
5136 8 2
5136 10 1
5136 12 1
5136 26 0
5136 26 1
5137 13 1
5137 14 1
5138 10 2
5138 27 0
5138 27 1
5139 12 2
5139 15 1
5139 28 0
5139 28 1
5140 13 2
5140 16 1
5141 14 2
5141 17 1
5142 15 2
5142 18 1
5143 16 2
5143 19 1
5144 17 2
5144 20 1
5145 18 2
5145 21 1
5145 25 0
5145 25 1
5146 19 2
5146 11 1
5147 20 2
5147 22 1
5147 26 0
5147 26 1
5148 11 2
5148 9 1
5149 21 2
5149 23 1
5149 27 0
5149 27 1
5150 9 2
5150 7 1
5150 28 0
5150 28 1
5151 22 2
5151 3 2
5152 7 2
5152 8 1
5152 24 1
5153 23 2
5154 8 2
5154 10 1
5155 24 2
5155 12 1
5156 10 2
5156 13 1
5156 25 0
5156 25 1
5157 12 2
5157 14 1
5158 13 2
5158 15 1
5158 26 0
5158 26 1
5159 14 2
5159 16 1
5160 15 2
5160 17 1
5160 27 0
5160 27 1
5161 16 2
5161 18 1
5161 28 0
5161 28 1
5162 17 2
5162 19 1
5163 18 2
5163 20 1
5164 19 2
5164 11 1
5165 20 2
5165 21 1
5166 11 2
5166 9 1
5167 21 2
5167 3 1
5167 22 1
5167 25 0
5167 25 1
5168 9 2
5168 7 1
5169 22 2
5169 23 1
5169 26 0
5169 26 1
5170 7 2
5170 8 1
5171 23 2
5171 24 1
5171 27 0
5171 27 1
5172 8 2
5172 10 1
5172 28 0
5172 28 1
5173 24 2
5173 12 1
5174 10 2
5174 13 1
5175 12 2
5175 14 1
5176 13 2
5176 15 1
5177 14 2
5177 16 1
5178 15 2
5178 17 1
5178 25 0
5178 25 1
5179 16 2
5179 18 1
5180 17 2
5180 19 1
5180 26 0
5180 26 1
5181 18 2
5181 20 1
5182 19 2
5182 11 1
5182 27 0
5182 27 1
5183 20 2
5183 21 1
5183 28 0
5183 28 1
5184 11 2
5184 9 1
5185 21 2
5185 22 1
5186 9 2
5186 7 1
5187 22 2
5187 23 1
5188 7 2
5188 8 1
5189 23 2
5189 24 1
5189 25 0
5190 25 1
5190 8 2
5190 10 1
5192 10 2
5192 24 2
5192 12 1
5192 13 1
5192 26 0
5192 26 1
5194 13 2
5194 12 2
5194 14 1
5194 15 1
5194 27 0
5194 28 0
5194 27 1
5194 28 1
5196 14 2
5196 15 2
5196 16 1
5196 17 1
5198 16 2
5198 17 2
5198 18 1
5198 19 1
5200 18 2
5200 19 2
5200 11 1
5200 20 1
5202 11 2
5202 20 2
5202 9 1
5202 21 1
5202 25 0
5203 25 1
5203 22 1
5203 26 0
5203 26 1
5204 9 2
5204 7 1
5205 21 2
5205 23 1
5205 27 0
5205 28 0
5205 27 1
5205 28 1
5206 7 2
5206 8 1
5207 22 2
5208 8 2
5208 10 1
5208 24 1
5209 23 2
5210 10 2
5210 12 1
5210 13 1
5211 24 2
5212 12 2
5212 14 1
5212 15 1
5213 13 2
5214 14 2
5214 16 1
5214 17 1
5214 25 0
5214 26 0
5215 15 2
5215 26 1
5215 25 1
5217 16 2
5217 17 2
5217 18 1
5217 19 1
5217 27 0
5217 28 0
5217 27 1
5218 28 1
5218 11 1
5218 20 1
5220 18 2
5220 11 2
5220 9 1
5222 9 2
5222 19 2
5222 7 1
5222 21 1
5224 7 2
5224 20 2
5224 8 1
5224 22 1
5226 8 2
5226 21 2
5226 10 1
5226 23 1
5226 25 0
5226 26 0
5226 26 1
5227 24 1
5227 25 1
5228 10 2
5228 12 1
5228 27 0
5228 27 1
5229 22 2
5229 13 1
5229 28 0
5229 28 1
5230 12 2
5230 14 1
5231 13 2
5231 15 1
5232 14 2
5233 15 2
5233 16 1
5233 17 1
5234 23 2
5235 16 2
5236 17 2
5236 11 1
5236 18 1
5237 24 2
5238 11 2
5238 9 1
5238 19 1
5238 25 0
5238 26 0
5239 27 0
5239 25 1
5239 18 2
5239 26 1
5239 27 1
5241 19 2
5241 9 2
5241 7 1
5241 20 1
5241 28 0
5241 28 1
5243 20 2
5243 7 2
5243 8 1
5243 21 1
5245 8 2
5245 21 2
5245 10 1
5245 22 1
5247 10 2
5247 22 2
5247 12 1
5247 13 1
5249 12 2
5249 13 2
5249 14 1
5249 15 1
5251 14 2
5251 15 2
5251 16 1
5251 23 1
5251 25 0
5251 26 0
5251 27 0
5251 26 1
5252 17 1
5252 28 0
5252 27 1
5252 25 1
5252 28 1
5254 16 2
5254 17 2
5254 11 1
5254 24 1
5256 11 2
5256 23 2
5256 18 1
5258 18 2
5258 24 2
5258 9 1
5258 19 1
5260 9 2
5260 19 2
5260 7 1
5260 20 1
5262 7 2
5262 8 1
5262 21 1
5262 20 2
5264 8 2
5264 21 2
5264 10 1
5264 22 1
5264 25 0
5264 26 0
5264 27 0
5264 28 0
5264 26 1
5265 12 1
5265 13 1
5265 25 1
5265 27 1
5265 28 1
5267 12 2
5267 10 2
5267 14 1
5267 15 1
5269 13 2
5269 14 2
5271 15 2
5271 22 2
5271 16 1
5271 17 1
5273 16 2
5273 17 2
5273 11 1
5273 23 1
5275 11 2
5275 23 2
5275 18 1
5275 24 1
5277 18 2
5277 24 2
5277 9 1
5277 19 1
5277 25 0
5277 26 0
5277 27 0
5277 28 0
5278 26 1
5278 25 1
5278 7 1
5278 20 1
5278 27 1
5278 28 1
5280 9 2
5280 7 2
5280 8 1
5280 21 1
5282 8 2
5282 19 2
5284 20 2
5284 21 2
5284 10 1
5284 12 1
5286 10 2
5286 12 2
5286 13 1
5286 14 1
5288 13 2
5288 14 2
5288 15 1
5288 22 1
5290 15 2
5290 22 2
5290 16 1
5290 17 1
5290 25 0
5290 26 0
5290 27 0
5290 28 0
5291 26 1
5291 11 1
5291 23 1
5291 25 1
5291 27 1
5291 28 1
5293 16 2
5293 11 2
5293 18 1
5293 24 1
5295 17 2
5295 18 2
5297 23 2
5297 24 2
5297 7 1
5297 9 1
5299 7 2
5299 9 2
5299 8 1
5299 19 1
5301 8 2
5301 19 2
5301 20 1
5301 21 1
5303 20 2
5303 21 2
5303 10 1
5303 12 1
5303 25 0
5303 26 0
5303 27 0
5303 28 0
5304 25 1
5304 26 1
5304 13 1
5304 14 1
5304 27 1
5304 28 1
5306 10 2
5306 15 1
5306 22 1
5306 12 2
5308 13 2
5308 14 2
5310 15 2
5310 22 2
5310 11 1
5310 16 1
5312 16 2
5312 11 2
5312 17 1
5312 18 1
5314 18 2
5314 17 2
5314 23 1
5314 24 1
5316 23 2
5316 24 2
5316 7 1
5316 9 1
5316 25 0
5316 26 0
5316 27 0
5316 28 0
5317 26 1
5317 25 1
5317 8 1
5317 19 1
5317 27 1
5317 28 1
5319 8 2
5319 7 2
5319 20 1
5319 21 1
5321 9 2
5321 19 2
5323 20 2
5323 21 2
5323 10 1
5323 12 1
5325 10 2
5325 12 2
5325 13 1
5325 14 1
5327 13 2
5327 14 2
5327 15 1
5327 22 1
5329 15 2
5329 22 2
5329 11 1
5329 16 1
5329 25 0
5329 26 0
5329 27 0
5329 28 0
5330 26 1
5330 17 1
5330 18 1
5330 25 1
5330 27 1
5330 28 1
5332 16 2
5332 11 2
5332 23 1
5332 24 1
5334 17 2
5334 18 2
5336 23 2
5336 24 2
5336 7 1
5336 8 1
5338 7 2
5338 8 2
5338 9 1
5338 19 1
5340 9 2
5340 19 2
5340 20 1
5340 21 1
5342 20 2
5342 21 2
5342 10 1
5342 12 1
5342 25 0
5342 26 0
5342 27 0
5342 28 0
5343 26 1
5343 25 1
5343 13 1
5343 14 1
5343 27 1
5343 28 1
5345 12 2
5345 15 1
5345 22 1
5345 10 2
5347 13 2
5347 14 2
5349 15 2
5349 22 2
5349 11 1
5349 16 1
5351 11 2
5351 16 2
5351 17 1
5351 18 1
5353 17 2
5353 18 2
5353 23 1
5353 24 1
5355 23 2
5355 24 2
5355 7 1
5355 8 1
5355 25 0
5355 26 0
5355 27 0
5355 28 0
5356 26 1
5356 25 1
5356 9 1
5356 19 1
5356 27 1
5356 28 1
5358 8 2
5358 7 2
5358 20 1
5358 21 1
5360 9 2
5360 19 2
5362 20 2
5362 21 2
5362 10 1
5362 12 1
5364 10 2
5364 12 2
5364 13 1
5364 14 1
5366 13 2
5366 14 2
5366 15 1
5366 22 1
5368 15 2
5368 22 2
5368 11 1
5368 16 1
5368 25 0
5368 26 0
5368 27 0
5368 28 0
5369 26 1
5369 25 1
5369 17 1
5369 18 1
5369 27 1
5369 28 1
5371 16 2
5371 11 2
5371 23 1
5371 24 1
5373 17 2
5373 18 2
5375 23 2
5375 24 2
5375 7 1
5375 8 1
5377 7 2
5377 8 2
5377 9 1
5377 19 1
5379 9 2
5379 19 2
5379 20 1
5379 21 1
5381 20 2
5381 21 2
5381 10 1
5381 12 1
5381 25 0
5381 26 0
5381 27 0
5381 28 0
5382 26 1
5382 13 1
5382 14 1
5382 25 1
5382 27 1
5382 28 1
5384 10 2
5384 15 1
5384 22 1
5385 12 2
5386 13 2
5387 14 2
5387 11 1
5387 16 1
5388 15 2
5389 11 2
5389 17 1
5389 18 1
5390 16 2
5391 17 2
5391 23 1
5391 24 1
5392 18 2
5393 22 2
5393 7 1
5393 8 1
5393 25 0
5393 26 0
5393 27 0
5393 28 0
5394 25 1
5394 26 1
5394 23 2
5394 27 1
5394 28 1
5396 7 2
5396 8 2
5396 9 1
5396 19 1
5398 9 2
5398 19 2
5398 20 1
5398 21 1
5400 20 2
5400 21 2
5400 10 1
5402 10 2
5402 12 1
5402 13 1
5402 24 2
5404 12 2
5404 14 1
5404 15 1
5404 13 2
5406 14 2
5406 15 2
5406 11 1
5406 16 1
5406 25 0
5406 26 0
5406 27 0
5406 28 0
5407 26 1
5407 25 1
5407 17 1
5407 27 1
5407 28 1
5409 16 2
5409 18 1
5409 22 1
5409 11 2
5411 17 2
5411 18 2
5411 23 1
5413 22 2
5413 7 1
5413 8 1
5413 23 2
5415 7 2
5415 9 1
5415 19 1
5415 8 2
5416 20 1
5416 21 1
5417 9 2
5418 19 2
5418 10 1
5418 24 1
5418 25 0
5418 26 0
5418 27 0
5418 28 0
5419 25 1
5419 20 2
5419 27 1
5419 28 1
5420 26 1
5420 12 1
5420 13 1
5421 10 2
5422 12 2
5422 14 1
5422 15 1
5423 13 2
5424 14 2
5425 15 2
5425 11 1
5425 16 1
5426 21 2
5427 11 2
5427 17 1
5427 18 1
5428 16 2
5429 17 2
5429 22 1
5429 23 1
5429 24 0
5430 24 1
5430 18 2
5430 25 0
5430 27 0
5430 28 0
5430 27 1
5430 28 1
5431 25 1
5431 7 1
5431 26 0
5432 26 1
5432 8 1
5432 22 2
5434 7 2
5434 8 2
5434 9 1
5434 19 1
5436 9 2
5436 19 2
5436 20 1
5438 20 2
5438 23 2
5438 10 1
5438 12 1
5440 10 2
5440 13 1
5440 14 1
5440 12 2
5442 13 2
5442 14 2
5442 15 1
5442 21 1
5442 24 0
5442 25 0
5442 27 0
5442 28 0
5443 24 1
5443 25 1
5443 11 1
5443 26 0
5443 27 1
5443 28 1
5444 26 1
5444 16 1
5445 11 2
5445 17 1
5446 15 2
5446 18 1
5447 16 2
5448 17 2
5448 22 1
5449 18 2
5450 21 2
5450 7 1
5450 8 1
5451 22 2
5452 7 2
5452 9 1
5452 19 1
5453 8 2
5454 9 2
5454 20 1
5454 23 1
5454 24 0
5454 25 0
5454 27 0
5454 28 0
5455 24 1
5455 19 2
5455 26 0
5456 25 1
5456 26 1
5456 10 1
5456 12 1
5456 27 1
5456 28 1
5458 10 2
5458 12 2
5458 13 1
5458 14 1
5460 13 2
5460 14 2
5462 20 2
5462 23 2
5462 11 1
5462 15 1
5464 11 2
5464 15 2
5464 16 1
5464 17 1
5466 16 2
5466 17 2
5466 18 1
5466 21 1
5466 24 0
5467 24 1
5467 22 1
5467 25 0
5467 26 0
5467 27 0
5467 28 0
5468 25 1
5468 7 1
5468 18 2
5468 27 1
5468 28 1
5469 26 1
5469 8 1
5470 7 2
5470 9 1
5471 8 2
5471 19 1
5472 9 2
5473 19 2
5474 21 2
5474 10 1
5474 12 1
5475 22 2
5476 10 2
5476 13 1
5476 14 1
5477 12 2
5478 13 2
5478 20 1
5478 23 1
5478 24 0
5479 14 2
5479 25 0
5479 27 0
5479 28 0
5479 24 1
5479 27 1
5479 28 1
5480 25 1
5480 11 1
5480 15 1
5480 26 0
5481 26 1
5481 20 2
5483 11 2
5483 15 2
5483 16 1
5483 17 1
5485 16 2
5485 17 2
5485 18 1
5487 18 2
5487 23 2
5487 7 1
5487 8 1
5489 7 2
5489 8 2
5489 9 1
5489 19 1
5491 9 2
5491 19 2
5491 21 1
5491 22 1
5491 24 0
5491 25 0
5491 27 0
5491 28 0
5492 24 1
5492 25 1
5492 10 1
5492 26 0
5492 27 1
5492 28 1
5493 26 1
5493 12 1
5494 10 2
5494 13 1
5495 12 2
5495 14 1
5496 13 2
5497 14 2
5497 20 1
5498 21 2
5499 20 2
5499 11 1
5499 15 1
5500 22 2
5501 11 2
5501 16 1
5501 17 1
5502 15 2
5503 16 2
5503 18 1
5503 23 1
5503 24 0
5503 25 0
5503 27 0
5503 28 0
5504 24 1
5504 17 2
5504 26 0
5505 25 1
5505 26 1
5505 7 1
5505 8 1
5505 27 1
5505 28 1
5507 7 2
5507 8 2
5507 9 1
5507 19 1
5509 9 2
5509 18 2
5511 19 2
5511 23 2
5511 10 1
5511 12 1
5513 10 2
5513 13 1
5513 14 1
5513 12 2
5515 13 2
5515 14 2
5515 20 1
5515 21 1
5515 24 0
5516 24 1
5516 22 1
5516 25 0
5516 26 0
5516 27 0
5516 28 0
5517 25 1
5517 11 1
5517 20 2
5517 27 1
5517 28 1
5518 26 1
5518 15 1
5519 11 2
5519 16 1
5520 15 2
5520 17 1
5521 16 2
5522 17 2
5523 21 2
5523 7 1
5523 8 1
5524 22 2
5525 7 2
5525 9 1
5525 18 1
5526 8 2
5527 9 2
5527 19 1
5527 23 1
5527 24 0
5528 18 2
5528 25 0
5528 27 0
5528 28 0
5528 24 1
5528 27 1
5528 28 1
5529 25 1
5529 10 1
5529 12 1
5529 26 0
5530 26 1
5530 19 2
5532 10 2
5532 12 2
5532 13 1
5532 14 1
5534 13 2
5534 14 2
5534 20 1
5536 20 2
5536 23 2
5536 11 1
5536 15 1
5538 11 2
5538 15 2
5538 16 1
5538 17 1
5540 16 2
5540 17 2
5540 21 1
5540 22 1
5540 24 0
5540 25 0
5540 27 0
5540 28 0
5541 24 1
5541 25 1
5541 7 1
5541 26 0
5541 27 1
5541 28 1
5542 26 1
5542 8 1
5543 7 2
5543 9 1
5544 8 2
5544 18 1
5545 9 2
5546 18 2
5546 19 1
5547 21 2
5548 19 2
5548 10 1
5548 12 1
5549 22 2
5550 10 2
5550 13 1
5550 14 1
5551 12 2
5552 13 2
5552 20 1
5552 23 1
5552 24 0
5552 25 0
5552 27 0
5552 28 0
5553 24 1
5553 14 2
5553 26 0
5554 25 1
5554 26 1
5554 11 1
5554 15 1
5554 27 1
5554 28 1
5556 11 2
5556 16 1
5556 17 1
5556 15 2
5558 16 2
5558 17 2
5560 20 2
5560 23 2
5560 7 1
5560 8 1
5562 7 2
5562 8 2
5562 9 1
5562 18 1
5564 9 2
5564 18 2
5564 19 1
5564 21 1
5564 24 0
5565 24 1
5565 22 1
5565 25 0
5565 26 0
5565 27 0
5565 28 0
5566 25 1
5566 19 2
5566 10 1
5566 27 1
5566 28 1
5567 26 1
5567 12 1
5568 10 2
5568 13 1
5569 12 2
5569 14 1
5570 13 2
5571 14 2
5572 21 2
5572 11 1
5572 15 1
5573 22 2
5574 11 2
5574 16 1
5574 17 1
5575 15 2
5576 16 2
5576 20 1
5576 23 1
5576 24 0
5577 17 2
5577 25 0
5577 27 0
5577 28 0
5577 24 1
5577 27 1
5577 28 1
5578 25 1
5578 7 1
5578 8 1
5578 26 0
5579 26 1
5579 20 2
5579 7 1
5581 23 2
5581 8 2
5581 9 1
5581 18 1
5583 9 2
5583 19 1
5583 18 2
5585 19 2
5585 24 2
5585 10 1
5585 12 1
5587 10 2
5587 12 2
5587 13 1
5587 14 1
5589 13 2
5589 14 2
5589 21 1
5589 22 1
5589 25 0
5589 27 0
5589 28 0
5590 25 1
5590 27 1
5590 11 1
5590 26 0
5590 28 1
5591 26 1
5591 15 1
5592 11 2
5592 16 1
5593 15 2
5593 17 1
5594 16 2
5595 17 2
5595 20 1
5596 21 2
5597 20 2
5597 8 1
5597 23 1
5598 22 2
5599 8 2
5599 9 1
5599 18 1
5600 23 2
5601 9 2
5601 19 1
5601 24 1
5601 25 0
5601 27 0
5601 28 0
5602 25 1
5602 26 0
5602 18 2
5603 26 1
5603 10 1
5603 12 1
5603 27 1
5603 28 1
5605 12 2
5605 10 2
5605 13 1
5605 14 1
5607 13 2
5607 14 2
5609 19 2
5609 24 2
5609 11 1
5609 15 1
5611 11 2
5611 15 2
5611 16 1
5611 17 1
5613 16 2
5613 20 1
5613 21 1
5613 25 0
5613 17 2
5614 25 1
5614 22 1
5614 26 0
5614 27 0
5614 28 0
5615 26 1
5615 8 1
5615 20 2
5615 28 1
5616 27 1
5616 23 1
5617 8 2
5617 9 1
5618 21 2
5618 18 1
5619 9 2
5620 18 2
5621 22 2
5621 10 1
5621 12 1
5622 23 2
5623 10 2
5623 13 1
5623 14 1
5624 12 2
5625 13 2
5625 19 1
5625 24 1
5625 25 0
5626 14 2
5626 26 0
5626 28 0
5626 25 1
5626 28 1
5627 26 1
5627 11 1
5627 15 1
5627 27 0
5628 27 1
5628 19 2
5630 11 2
5630 15 2
5630 16 1
5630 17 1
5632 16 2
5632 17 2
5632 20 1
5634 20 2
5634 24 2
5634 8 1
5634 21 1
5636 8 2
5636 9 1
5636 18 1
5636 21 2
5638 9 2
5638 18 2
5638 22 1
5638 23 1
5638 25 0
5638 26 0
5638 28 0
5639 26 1
5639 10 1
5639 27 0
5639 25 1
5639 28 1
5640 27 1
5640 12 1
5641 10 2
5641 13 1
5642 12 2
5642 14 1
5643 13 2
5644 14 2
5644 19 1
5645 22 2
5646 19 2
5646 11 1
5646 15 1
5647 23 2
5648 11 2
5648 16 1
5648 17 1
5649 15 2
5650 16 2
5650 20 1
5650 24 1
5650 25 0
5650 26 0
5651 27 0
5651 28 0
5651 25 1
5651 17 2
5652 27 1
5652 26 1
5652 8 1
5652 21 1
5652 28 1
5654 20 2
5654 8 2
5654 9 1
5654 18 1
5656 9 2
5656 18 2
5658 21 2
5658 24 2
5658 10 1
5658 12 1
5660 10 2
5660 12 2
5660 13 1
5660 14 1
5662 13 2
5662 19 1
5662 22 1
5662 25 0
5662 14 2
5663 25 1
5663 23 1
5663 26 0
5663 27 0
5663 28 0
5664 26 1
5664 19 2
5664 11 1
5664 28 1
5665 27 1
5665 15 1
5666 11 2
5666 16 1
5667 15 2
5667 17 1
5668 16 2
5669 17 2
5670 22 2
5670 8 1
5670 20 1
5671 23 2
5672 8 2
5672 9 1
5672 18 1
5673 20 2
5674 9 2
5674 21 1
5674 24 1
5674 25 0
5675 18 2
5675 26 0
5675 28 0
5675 25 1
5675 28 1
5676 26 1
5676 10 1
5676 12 1
5676 27 0
5677 27 1
5677 21 2
5679 10 2
5679 12 2
5679 13 1
5679 14 1
5681 13 2
5681 19 1
5681 14 2
5683 19 2
5683 24 2
5683 11 1
5683 15 1
5685 11 2
5685 15 2
5685 16 1
5685 17 1
5687 16 2
5687 17 2
5687 22 1
5687 23 1
5687 25 0
5687 26 0
5687 28 0
5688 25 1
5688 26 1
5688 8 1
5688 27 0
5688 28 1
5689 27 1
5689 20 1
5690 8 2
5690 9 1
5691 20 2
5691 18 1
5692 9 2
5693 18 2
5693 21 1
5694 22 2
5695 21 2
5695 10 1
5695 12 1
5696 23 2
5697 10 2
5697 13 1
5697 14 1
5698 12 2
5699 13 2
5699 19 1
5699 24 1
5699 25 0
5699 26 0
5699 28 0
5700 25 1
5700 27 0
5700 14 2
5701 26 1
5701 11 1
5701 15 1
5702 27 1
5702 28 1
5704 15 2
5704 11 2
5704 16 1
5704 17 1
5706 16 2
5706 8 1
5706 17 2
5708 8 2
5708 19 2
5708 9 1
5708 20 1
5710 9 2
5710 20 2
5710 18 1
5710 22 1
5710 24 0
5711 24 1
5711 21 1
5711 25 0
5712 25 1
5712 23 1
5712 26 0
5712 18 2
5713 26 1
5713 10 1
5713 27 0
5713 28 0
5714 27 1
5714 12 1
5714 21 2
5714 28 1
5716 12 2
5716 13 1
5716 14 1
5716 10 2
5718 13 2
5718 14 2
5720 22 2
5720 23 2
5720 11 1
5720 15 1
5722 11 2
5722 15 2
5722 16 1
5722 17 1
5722 24 0
5723 24 1
5723 25 0
5724 25 1
5724 16 2
5724 8 1
5724 19 1
5724 26 0
5725 26 1
5725 27 0
5725 28 0
5726 8 2
5726 27 1
5726 9 1
5726 20 1
5726 28 1
5728 9 2
5728 17 2
5728 18 1
5730 18 2
5730 19 2
5730 21 1
5732 20 2
5732 21 2
5732 10 1
5732 12 1
5734 10 2
5734 12 2
5734 13 1
5734 14 1
5734 24 0
5735 24 1
5735 25 0
5736 25 1
5736 13 2
5736 22 1
5736 23 1
5736 26 0
5737 26 1
5737 27 0
5738 27 1
5738 14 2
5738 11 1
5738 15 1
5738 28 0
5738 28 1
5740 11 2
5740 16 1
5741 15 2
5742 16 2
5742 8 1
5743 22 2
5744 8 2
5744 9 1
5744 17 1
5745 23 2
5746 9 2
5746 18 1
5746 19 1
5746 24 0
5747 17 2
5747 25 0
5747 24 1
5748 25 1
5748 20 1
5748 21 1
5748 26 0
5749 26 1
5749 27 0
5749 28 0
5749 18 2
5749 28 1
5750 27 1
5750 10 1
5750 12 1
5751 19 2
5752 10 2
5752 13 1
5753 12 2
5754 13 2
5754 14 1
5755 20 2
5756 14 2
5756 11 1
5757 21 2
5757 15 1
5758 11 2
5758 16 1
5758 24 0
5759 24 1
5759 22 1
5759 25 0
5759 15 2
5760 25 1
5760 8 1
5760 26 0
5760 28 0
5761 26 1
5761 23 1
5761 27 0
5761 16 2
5761 28 1
5762 27 1
5762 9 1
5763 8 2
5763 17 1
5764 9 2
5765 17 2
5765 18 1
5766 22 2
5767 18 2
5767 19 1
5768 23 2
5768 10 1
5769 19 2
5769 12 1
5770 10 2
5770 13 1
5770 24 0
5771 24 1
5771 20 1
5771 25 0
5771 12 2
5772 25 1
5772 14 1
5772 26 0
5772 28 0
5773 26 1
5773 21 1
5773 27 0
5773 13 2
5773 28 1
5774 27 1
5774 11 1
5775 14 2
5775 15 1
5776 11 2
5777 15 2
5777 16 1
5778 20 2
5779 16 2
5779 8 1
5780 21 2
5780 9 1
5780 8 1
5781 8 2
5781 17 1
5782 9 2
5782 22 1
5782 24 0
5783 24 1
5783 17 2
5783 18 1
5783 25 0
5784 25 1
5784 23 1
5784 26 0
5784 28 0
5785 26 1
5785 18 2
5785 19 1
5785 27 0
5786 28 1
5786 10 1
5786 27 1
5788 19 2
5788 10 2
5788 12 1
5790 12 2
5791 22 2
5791 13 1
5791 14 1
5793 14 2
5793 13 2
5793 11 1
5793 15 1
5795 11 2
5795 15 2
5795 16 1
5795 20 1
5795 23 0
5795 24 0
5795 25 0
5796 23 1
5796 21 1
5796 26 0
5796 24 1
5797 25 1
5797 27 0
5797 28 0
5797 26 1
5797 28 1
5798 27 1
5798 9 1
5799 16 2
5799 17 1
5800 9 2
5801 17 2
5801 18 1
5802 20 2
5804 18 2
5804 10 1
5804 19 1
5805 21 2
5806 10 2
5806 12 1
5807 19 2
5807 22 1
5807 23 0
5807 24 0
5808 23 1
5808 25 0
5808 26 0
5808 28 0
5808 12 2
5809 24 1
5809 25 1
5809 13 1
5809 14 1
5809 27 0
5810 26 1
5810 27 1
5810 28 0
5810 28 1
5812 14 2
5812 13 2
5812 11 1
5812 15 1
5814 11 2
5814 15 2
5816 22 2
5816 23 2
5816 9 1
5816 16 1
5818 9 2
5818 17 1
5818 20 1
5818 16 2
5820 17 2
5820 20 2
5820 18 1
5820 24 0
5820 25 0
5821 24 1
5821 21 1
5821 26 0
5821 27 0
5821 25 1
5822 26 1
5822 27 1
5822 10 1
5824 10 2
5824 18 2
5824 12 1
5824 19 1
5826 12 2
5826 19 2
5828 21 2
5828 24 2
5828 13 1
5828 14 1
5830 13 2
5830 14 2
5830 11 1
5830 15 1
5832 11 2
5832 15 2
5832 22 1
5832 23 1
5832 25 0
5833 25 1
5833 26 0
5833 27 0
5834 26 1
5834 22 2
5834 9 1
5834 16 1
5835 27 1
5836 9 2
5836 17 1
5836 20 1
5837 16 2
5838 17 2
5839 20 2
5840 23 2
5840 10 1
5840 18 1
5841 25 2
5842 10 2
5842 12 1
5842 19 1
5843 18 2
5844 12 2
5844 21 1
5844 24 1
5845 19 2
5845 26 0
5846 26 1
5846 21 2
5846 13 1
5846 14 1
5846 27 0
5847 27 1
5848 13 2
5848 11 1
5848 15 1
5849 14 2
5850 11 2
5850 22 1
5851 15 2
5852 22 2
5852 9 1
5853 24 2
5853 16 1
5854 9 2
5854 17 1
5855 16 2
5855 20 1
5856 17 2
5856 23 1
5857 20 2
5857 25 1
5857 26 0
5858 26 1
5858 23 2
5858 10 1
5858 27 0
5859 27 1
5859 18 1
5860 10 2
5860 12 1
5861 18 2
5861 19 1
5862 12 2
5862 21 1
5863 19 2
5864 21 2
5864 13 1
5865 25 2
5865 14 1
5866 13 2
5866 11 1
5867 14 2
5867 15 1
5868 11 2
5868 22 1
5869 15 2
5869 24 1
5869 26 0
5870 26 1
5870 9 1
5870 27 0
5870 22 2
5871 27 1
5871 16 1
5872 9 2
5872 17 1
5873 16 2
5873 20 1
5874 17 2
5874 23 1
5875 20 2
5876 23 2
5876 10 1
5877 24 2
5877 18 1
5878 10 2
5878 12 1
5879 18 2
5879 19 1
5880 12 2
5880 21 1
5881 19 2
5881 25 1
5881 26 0
5882 26 1
5882 21 2
5882 13 1
5882 27 0
5883 27 1
5883 14 1
5884 13 2
5884 11 1
5885 14 2
5885 15 1
5886 11 2
5886 22 1
5887 15 2
5888 22 2
5888 9 1
5889 25 2
5889 16 1
5890 9 2
5890 17 1
5891 16 2
5891 20 1
5892 17 2
5892 23 1
5893 20 2
5893 24 1
5893 26 0
5894 26 1
5894 23 2
5894 10 1
5894 27 0
5895 27 1
5895 18 1
5896 10 2
5896 12 1
5897 18 2
5897 19 1
5898 12 2
5898 21 1
5899 19 2
5900 21 2
5900 13 1
5901 24 2
5901 14 1
5902 13 2
5902 11 1
5903 14 2
5903 15 1
5904 11 2
5904 22 1
5905 15 2
5905 25 1
5905 26 0
5906 26 1
5906 22 2
5906 9 1
5906 27 0
5907 27 1
5907 16 1
5908 9 2
5908 17 1
5909 16 2
5909 20 1
5910 17 2
5910 23 1
5911 20 2
5912 23 2
5912 10 1
5913 25 2
5913 18 1
5914 10 2
5914 12 1
5915 18 2
5915 19 1
5916 12 2
5916 21 1
5917 19 2
5917 24 1
5917 26 0
5918 26 1
5918 21 2
5918 13 1
5918 27 0
5919 27 1
5919 14 1
5920 13 2
5920 11 1
5921 14 2
5921 15 1
5922 11 2
5922 22 1
5923 15 2
5924 22 2
5924 9 1
5925 24 2
5925 16 1
5926 9 2
5926 17 1
5927 16 2
5927 20 1
5928 17 2
5928 23 1
5929 20 2
5929 25 1
5929 26 0
5930 26 1
5930 10 1
5930 27 0
5930 23 2
5931 27 1
5931 18 1
5932 10 2
5932 12 1
5933 18 2
5933 19 1
5934 12 2
5934 21 1
5935 19 2
5936 21 2
5936 13 1
5937 25 2
5937 14 1
5938 13 2
5938 11 1
5939 14 2
5939 15 1
5940 11 2
5940 22 1
5941 15 2
5941 24 1
5941 26 0
5942 26 1
5942 22 2
5942 9 1
5942 27 0
5943 27 1
5943 16 1
5944 9 2
5944 17 1
5945 16 2
5945 20 1
5946 17 2
5946 23 1
5947 20 2
5948 23 2
5948 10 1
5949 24 2
5949 18 1
5950 10 2
5950 12 1
5951 18 2
5951 19 1
5952 12 2
5952 21 1
5953 19 2
5953 25 1
5953 26 0
5954 26 1
5954 21 2
5954 13 1
5954 27 0
5955 27 1
5955 14 1
5956 13 2
5956 11 1
5957 14 2
5957 15 1
5958 11 2
5958 22 1
5959 15 2
5960 22 2
5960 9 1
5961 25 2
5961 16 1
5962 9 2
5962 17 1
5963 16 2
5963 20 1
5964 17 2
5964 23 1
5965 20 2
5965 24 1
5965 26 0
5966 26 1
5966 10 1
5966 27 0
5966 23 2
5967 27 1
5967 18 1
5968 10 2
5968 12 1
5969 18 2
5969 19 1
5970 12 2
5970 21 1
5971 19 2
5972 21 2
5972 13 1
5973 24 2
5973 14 1
5974 13 2
5974 11 1
5975 14 2
5975 15 1
5976 11 2
5976 22 1
5977 15 2
5977 25 1
5977 26 0
5978 26 1
5978 22 2
5978 9 1
5978 27 0
5979 27 1
5979 16 1
5980 9 2
5980 17 1
5981 16 2
5981 20 1
5982 17 2
5982 23 1
5983 20 2
5984 23 2
5984 10 1
5985 25 2
5985 18 1
5986 10 2
5986 12 1
5987 18 2
5987 19 1
5988 12 2
5988 21 1
5989 19 2
5989 24 1
5989 26 0
5990 26 1
5990 13 1
5990 27 0
5990 21 2
5991 27 1
5991 14 1
5992 13 2
5992 11 1
5993 14 2
5993 15 1
5994 11 2
5994 22 1
5995 15 2
5996 22 2
5996 9 1
5997 24 2
5997 16 1
5998 9 2
5998 17 1
5999 16 2
5999 20 1
6000 17 2
6000 23 1
6001 20 2
6001 25 1
6001 26 0
6002 26 1
6002 23 2
6002 10 1
6002 27 0
6003 27 1
6003 18 1
6004 10 2
6004 12 1
6005 18 2
6005 19 1
6006 12 2
6006 21 1
6007 19 2
6008 21 2
6008 13 1
6009 25 2
6009 14 1
6010 13 2
6010 11 1
6011 14 2
6011 15 1
6012 11 2
6012 22 1
6013 15 2
6013 24 1
6013 26 0
6014 26 1
6014 22 2
6014 9 1
6014 27 0
6015 27 1
6015 16 1
6016 9 2
6016 17 1
6017 16 2
6017 20 1
6018 17 2
6018 23 1
6019 20 2
6020 23 2
6020 10 1
6021 24 2
6021 18 1
6022 10 2
6022 12 1
6023 18 2
6023 19 1
6024 12 2
6024 21 1
6025 19 2
6025 25 1
6025 26 0
6026 26 1
6026 21 2
6026 13 1
6026 27 0
6027 27 1
6027 14 1
6028 13 2
6028 11 1
6029 14 2
6029 15 1
6030 11 2
6030 22 1
6031 15 2
6032 22 2
6032 9 1
6033 25 2
6033 16 1
6034 9 2
6034 17 1
6035 16 2
6035 20 1
6036 17 2
6036 23 1
6037 20 2
6037 24 1
6037 26 0
6038 26 1
6038 23 2
6038 10 1
6038 27 0
6039 27 1
6039 18 1
6040 10 2
6040 12 1
6041 18 2
6041 19 1
6042 12 2
6042 21 1
6043 19 2
6044 21 2
6044 13 1
6045 24 2
6045 14 1
6046 13 2
6046 11 1
6047 14 2
6047 15 1
6048 11 2
6048 22 1
6049 15 2
6049 25 1
6049 26 0
6050 26 1
6050 22 2
6050 9 1
6050 27 0
6051 27 1
6051 16 1
6052 9 2
6052 17 1
6053 16 2
6053 20 1
6054 17 2
6054 23 1
6055 20 2
6056 23 2
6056 10 1
6057 25 2
6057 18 1
6058 10 2
6058 12 1
6059 18 2
6059 19 1
6060 12 2
6060 21 1
6061 19 2
6061 24 1
6061 26 0
6062 26 1
6062 21 2
6062 13 1
6062 27 0
6063 27 1
6063 14 1
6064 13 2
6064 11 1
6065 14 2
6065 15 1
6066 11 2
6066 22 1
6067 15 2
6068 22 2
6068 9 1
6069 24 2
6069 16 1
6070 9 2
6070 17 1
6071 16 2
6071 20 1
6072 17 2
6072 23 1
6073 20 2
6073 25 1
6073 26 0
6074 26 1
6074 23 2
6074 10 1
6074 27 0
6075 27 1
6075 18 1
6076 10 2
6076 12 1
6077 18 2
6077 19 1
6078 12 2
6078 21 1
6079 19 2
6080 21 2
6080 13 1
6081 25 2
6081 14 1
6082 13 2
6082 11 1
6083 14 2
6083 15 1
6084 11 2
6084 22 1
6085 15 2
6085 24 1
6085 26 0
6086 26 1
6086 22 2
6086 9 1
6086 27 0
6087 27 1
6087 16 1
6088 9 2
6088 17 1
6089 16 2
6089 20 1
6090 17 2
6090 23 1
6091 20 2
6092 23 2
6092 10 1
6093 24 2
6093 18 1
6094 10 2
6094 12 1
6095 18 2
6095 19 1
6096 12 2
6096 21 1
6097 19 2
6097 25 1
6097 26 0
6098 26 1
6098 21 2
6098 13 1
6098 27 0
6099 27 1
6099 14 1
6100 13 2
6100 11 1
6101 14 2
6101 15 1
6102 11 2
6102 22 1
6103 15 2
6104 22 2
6104 9 1
6105 25 2
6105 16 1
6106 9 2
6106 17 1
6107 16 2
6107 20 1
6108 17 2
6108 23 1
6109 20 2
6109 24 1
6109 26 0
6110 26 1
6110 10 1
6110 27 0
6110 23 2
6111 27 1
6111 18 1
6112 10 2
6112 12 1
6113 18 2
6113 19 1
6114 12 2
6114 21 1
6115 19 2
6116 21 2
6116 13 1
6117 24 2
6117 14 1
6118 13 2
6118 11 1
6119 14 2
6119 15 1
6120 11 2
6120 22 1
6121 15 2
6121 25 1
6121 26 0
6122 26 1
6122 22 2
6122 9 1
6122 27 0
6123 27 1
6123 16 1
6124 9 2
6124 17 1
6125 16 2
6125 20 1
6126 17 2
6126 23 1
6127 20 2
6128 23 2
6128 10 1
6129 25 2
6129 18 1
6130 10 2
6130 12 1
6131 18 2
6131 19 1
6132 12 2
6132 21 1
6133 19 2
6133 24 1
6133 26 0
6134 26 1
6134 13 1
6134 27 0
6134 21 2
6135 27 1
6135 14 1
6136 13 2
6136 11 1
6137 14 2
6137 15 1
6138 11 2
6138 22 1
6139 15 2
6140 22 2
6140 9 1
6141 24 2
6141 16 1
6142 9 2
6142 17 1
6143 16 2
6143 20 1
6144 17 2
6144 23 1
6145 20 2
6145 25 1
6145 26 0
6146 26 1
6146 23 2
6146 10 1
6146 27 0
6147 27 1
6147 18 1
6148 10 2
6148 12 1
6149 18 2
6149 19 1
6150 12 2
6150 21 1
6151 19 2
6152 21 2
6152 13 1
6153 25 2
6153 14 1
6154 13 2
6154 11 1
6155 14 2
6155 15 1
6156 11 2
6156 22 1
6157 15 2
6157 24 1
6157 26 0
6158 26 1
6158 22 2
6158 9 1
6158 27 0
6159 27 1
6159 16 1
6160 9 2
6160 17 1
6161 16 2
6161 20 1
6162 17 2
6162 23 1
6163 20 2
6164 23 2
6164 10 1
6165 24 2
6165 18 1
6166 10 2
6166 12 1
6167 18 2
6167 19 1
6168 12 2
6168 21 1
6169 19 2
6169 25 1
6169 26 0
6170 26 1
6170 13 1
6170 27 0
6170 21 2
6171 27 1
6171 14 1
6172 13 2
6172 11 1
6173 14 2
6173 15 1
6174 11 2
6174 22 1
6175 15 2
6176 22 2
6176 9 1
6177 25 2
6177 16 1
6178 9 2
6178 17 1
6179 16 2
6179 20 1
6180 17 2
6180 23 1
6181 20 2
6181 24 1
6181 26 0
6182 26 1
6182 23 2
6182 10 1
6182 27 0
6183 27 1
6183 18 1
6184 10 2
6184 12 1
6185 18 2
6185 19 1
6186 12 2
6186 21 1
6187 19 2
6188 21 2
6188 13 1
6189 24 2
6189 14 1
6190 13 2
6190 11 1
6191 14 2
6191 15 1
6192 11 2
6192 22 1
6193 15 2
6193 25 1
6193 26 0
6194 26 1
6194 9 1
6194 27 0
6194 22 2
6195 27 1
6195 16 1
6196 9 2
6196 17 1
6197 16 2
6197 20 1
6198 17 2
6198 23 1
6199 20 2
6200 23 2
6200 10 1
6201 25 2
6201 18 1
6202 10 2
6202 12 1
6203 18 2
6203 19 1
6204 12 2
6204 21 1
6205 19 2
6205 24 1
6205 26 0
6206 26 1
6206 13 1
6206 27 0
6206 21 2
6207 27 1
6207 14 1
6208 13 2
6208 11 1
6209 14 2
6209 15 1
6210 11 2
6210 22 1
6211 15 2
6212 22 2
6212 9 1
6213 24 2
6213 16 1
6214 9 2
6214 17 1
6215 16 2
6215 20 1
6216 17 2
6216 23 1
6217 20 2
6217 25 1
6217 26 0
6218 26 1
6218 23 2
6218 10 1
6218 27 0
6219 27 1
6219 18 1
6220 10 2
6220 12 1
6221 18 2
6221 19 1
6222 12 2
6222 21 1
6223 19 2
6224 21 2
6224 13 1
6225 25 2
6225 14 1
6226 13 2
6226 11 1
6227 14 2
6227 15 1
6228 11 2
6228 22 1
6229 15 2
6229 24 1
6229 26 0
6230 26 1
6230 22 2
6230 9 1
6230 27 0
6231 27 1
6231 16 1
6232 9 2
6232 17 1
6233 16 2
6233 20 1
6234 17 2
6234 23 1
6235 20 2
6236 23 2
6236 10 1
6237 24 2
6237 18 1
6238 10 2
6238 12 1
6239 18 2
6239 19 1
6240 12 2
6240 21 1
6241 19 2
6241 25 1
6241 26 0
6242 26 1
6242 13 1
6242 27 0
6242 21 2
6243 27 1
6243 14 1
6244 13 2
6244 11 1
6245 14 2
6245 15 1
6246 11 2
6246 22 1
6247 15 2
6248 22 2
6248 9 1
6249 25 2
6249 16 1
6250 9 2
6250 17 1
6251 16 2
6251 20 1
6252 17 2
6252 23 1
6253 20 2
6253 24 1
6253 26 0
6254 26 1
6254 23 2
6254 10 1
6254 27 0
6255 27 1
6255 18 1
6256 10 2
6256 12 1
6257 18 2
6257 19 1
6258 12 2
6258 21 1
6259 19 2
6260 21 2
6260 13 1
6261 24 2
6261 14 1
6262 13 2
6262 11 1
6263 14 2
6263 15 1
6264 11 2
6264 22 1
6265 15 2
6265 25 1
6265 26 0
6266 26 1
6266 22 2
6266 9 1
6266 27 0
6267 27 1
6267 16 1
6268 9 2
6268 17 1
6269 16 2
6269 20 1
6270 17 2
6270 23 1
6271 20 2
6272 23 2
6272 10 1
6273 25 2
6273 18 1
6274 10 2
6274 12 1
6275 18 2
6275 19 1
6276 12 2
6276 21 1
6277 19 2
6277 24 1
6277 26 0
6278 26 1
6278 21 2
6278 13 1
6278 27 0
6279 27 1
6279 14 1
6280 13 2
6280 11 1
6281 14 2
6281 15 1
6282 11 2
6282 22 1
6283 15 2
6284 22 2
6284 9 1
6285 24 2
6285 16 1
6286 9 2
6286 17 1
6287 16 2
6287 20 1
6288 17 2
6288 23 1
6289 20 2
6289 25 1
6289 26 0
6290 26 1
6290 23 2
6290 10 1
6290 27 0
6291 27 1
6291 18 1
6292 10 2
6292 12 1
6293 18 2
6293 19 1
6294 12 2
6294 21 1
6295 19 2
6296 21 2
6296 13 1
6297 25 2
6297 14 1
6298 13 2
6298 11 1
6299 14 2
6299 15 1
6300 11 2
6300 22 1
6301 15 2
6301 24 1
6301 26 0
6302 26 1
6302 9 1
6302 27 0
6302 22 2
6303 27 1
6303 16 1
6304 9 2
6304 17 1
6305 16 2
6305 20 1
6306 17 2
6306 23 1
6307 20 2
6308 23 2
6308 10 1
6309 24 2
6309 18 1
6310 10 2
6310 12 1
6311 18 2
6311 19 1
6312 12 2
6313 21 1
6313 25 1
6313 26 0
6313 19 2
6314 13 1
6314 27 0
6314 26 1
6315 27 1
6315 14 1
6316 13 2
6316 11 1
6317 15 1
6317 14 2
6318 11 2
6318 22 1
6320 21 2
6320 15 2
6320 9 1
6322 9 2
6322 22 2
6322 16 1
6322 17 1
6324 16 2
6324 17 2
6324 20 1
6324 23 1
6324 25 0
6325 25 1
6325 24 1
6325 26 0
6326 26 1
6326 20 2
6326 10 1
6326 27 0
6327 27 1
6327 18 1
6328 10 2
6329 18 2
6329 12 1
6329 19 1
6330 23 2
6331 12 2
6332 19 2
6332 13 1
6333 24 2
6333 14 1
6334 13 2
6334 11 1
6335 14 2
6336 11 2
6336 15 1
6336 21 1
6337 25 2
6337 26 0
6338 26 1
6338 15 2
6338 9 1
6338 22 1
6338 27 0
6339 27 1
6340 9 2
6340 16 1
6340 17 1
6341 21 2
6342 16 2
6342 20 1
6343 17 2
6344 20 2
6344 10 1
6345 22 2
6345 18 1
6346 10 2
6346 23 1
6347 18 2
6347 12 1
6348 23 2
6348 19 1
6349 12 2
6349 24 1
6349 26 0
6350 26 1
6350 19 2
6350 13 1
6350 27 0
6351 27 1
6351 14 1
6352 13 2
6352 11 1
6353 14 2
6353 25 1
6354 11 2
6354 15 1
6355 24 2
6356 15 2
6356 9 1
6357 25 2
6357 21 1
6358 9 2
6358 16 1
6359 21 2
6359 17 1
6360 16 2
6360 20 1
6361 17 2
6361 22 1
6361 26 0
6362 26 1
6362 20 2
6362 10 1
6362 27 0
6363 27 1
6363 18 1
6364 10 2
6364 23 1
6365 18 2
6365 12 1
6366 22 2
6366 19 1
6367 12 2
6368 19 2
6368 13 1
6369 23 2
6369 14 1
6370 13 2
6370 11 1
6371 14 2
6371 24 1
6372 11 2
6372 15 1
6373 24 2
6373 25 1
6373 26 0
6374 26 1
6374 15 2
6374 9 1
6374 27 0
6375 27 1
6375 21 1
6376 9 2
6376 16 1
6377 21 2
6377 17 1
6378 16 2
6378 20 1
6379 17 2
6380 20 2
6380 10 1
6381 25 2
6381 18 1
6382 10 2
6382 22 1
6383 18 2
6383 12 1
6384 22 2
6384 19 1
6385 12 2
6385 23 1
6385 26 0
6386 26 1
6386 19 2
6386 13 1
6386 27 0
6387 27 1
6387 14 1
6388 13 2
6388 11 1
6389 14 2
6389 24 1
6390 11 2
6390 15 1
6391 23 2
6392 15 2
6392 9 1
6393 24 2
6393 21 1
6394 9 2
6394 16 1
6395 21 2
6395 17 1
6396 16 2
6396 20 1
6397 17 2
6397 25 1
6397 26 0
6398 26 1
6398 20 2
6398 10 1
6398 27 0
6399 27 1
6399 18 1
6400 10 2
6400 22 1
6401 18 2
6401 12 1
6402 22 2
6402 19 1
6403 12 2
6404 19 2
6404 13 1
6405 25 2
6405 14 1
6406 13 2
6406 11 1
6407 14 2
6407 23 1
6408 11 2
6408 15 1
6409 23 2
6409 24 1
6409 26 0
6410 26 1
6410 9 1
6410 27 0
6410 15 2
6411 27 1
6411 21 1
6412 9 2
6412 16 1
6413 21 2
6413 17 1
6414 16 2
6414 20 1
6415 17 2
6415 20 2
6416 10 1
6417 24 2
6417 18 1
6418 10 2
6418 22 1
6419 18 2
6419 12 1
6420 22 2
6420 19 1
6421 12 2
6421 25 1
6421 26 0
6422 26 1
6422 13 1
6422 27 0
6422 19 2
6423 27 1
6423 14 1
6424 13 2
6424 11 1
6425 14 2
6425 23 1
6426 11 2
6426 15 1
6427 23 2
6428 15 2
6428 9 1
6429 25 2
6429 21 1
6430 9 2
6430 16 1
6431 21 2
6431 17 1
6432 16 2
6432 20 1
6433 17 2
6433 24 1
6433 26 0
6434 26 1
6434 20 2
6434 10 1
6434 27 0
6435 27 1
6435 18 1
6436 10 2
6436 22 1
6437 18 2
6437 12 1
6438 22 2
6438 19 1
6439 12 2
6440 19 2
6440 13 1
6441 24 2
6441 14 1
6442 13 2
6442 11 1
6443 14 2
6443 23 1
6444 11 2
6444 15 1
6445 23 2
6445 25 1
6445 26 0
6446 26 1
6446 15 2
6446 9 1
6446 27 0
6447 27 1
6447 21 1
6448 9 2
6448 16 1
6449 21 2
6449 17 1
6450 16 2
6450 20 1
6451 17 2
6452 20 2
6452 10 1
6453 25 2
6453 18 1
6454 10 2
6454 22 1
6455 18 2
6455 12 1
6456 22 2
6456 19 1
6457 12 2
6457 24 1
6457 26 0
6458 26 1
6458 19 2
6458 13 1
6458 27 0
6459 27 1
6459 14 1
6460 13 2
6460 11 1
6461 14 2
6461 23 1
6462 11 2
6462 15 1
6463 23 2
6464 15 2
6464 9 1
6465 24 2
6465 21 1
6466 9 2
6466 16 1
6467 21 2
6467 17 1
6468 16 2
6468 20 1
6469 17 2
6469 25 1
6469 26 0
6470 26 1
6470 10 1
6470 27 0
6470 20 2
6471 27 1
6471 18 1
6472 10 2
6472 22 1
6473 18 2
6473 12 1
6474 22 2
6474 19 1
6475 12 2
6476 19 2
6476 13 1
6477 25 2
6477 14 1
6478 13 2
6478 11 1
6479 14 2
6479 23 1
6480 11 2
6480 15 1
6481 23 2
6481 24 1
6481 26 0
6482 26 1
6482 15 2
6482 9 1
6482 27 0
6483 27 1
6483 21 1
6484 9 2
6484 16 1
6485 21 2
6486 17 1
6486 20 1
6487 16 2
6488 17 2
6489 10 1
6489 18 1
6490 20 2
6490 22 1
6491 10 2
6491 12 1
6492 18 2
6492 19 1
6492 24 0
6493 12 2
6493 25 1
6493 26 0
6493 24 1
6494 26 1
6494 13 1
6494 27 0
6495 27 1
6495 19 2
6495 14 1
6497 13 2
6497 14 2
6497 11 1
6497 23 1
6499 11 2
6499 22 2
6499 15 1
6501 15 2
6501 23 2
6501 9 1
6501 21 1
6503 9 2
6503 21 2
6503 16 1
6505 16 2
6505 24 2
6505 17 1
6505 25 0
6505 26 0
6506 25 1
6506 26 1
6506 20 1
6506 27 0
6507 27 1
6507 10 1
6508 17 2
6508 18 1
6509 10 2
6509 12 1
6510 18 2
6511 12 2
6511 19 1
6512 20 2
6513 19 2
6513 13 1
6513 14 1
6514 25 2
6515 13 2
6515 11 1
6515 22 1
6516 14 2
6517 11 2
6517 15 1
6517 23 1
6517 26 0
6518 26 1
6518 22 2
6518 27 0
6519 27 1
6519 9 1
6519 21 1
6520 15 2
6521 9 2
6521 16 1
6521 24 1
6522 21 2
6523 16 2
6524 23 2
6524 17 1
6525 24 2
6525 10 1
6526 17 2
6526 18 1
6527 10 2
6527 12 1
6528 18 2
6528 20 1
6529 12 2
6529 19 1
6529 26 0
6530 26 1
6530 25 1
6530 27 0
6530 20 2
6531 27 1
6531 13 1
6532 19 2
6532 14 1
6533 13 2
6533 11 1
6534 14 2
6534 22 1
6535 11 2
6536 22 2
6536 15 1
6537 25 2
6537 9 1
6538 15 2
6538 21 1
6539 9 2
6539 16 1
6540 21 2
6540 23 1
6541 16 2
6541 24 1
6541 26 0
6542 26 1
6542 17 1
6542 27 0
6542 23 2
6543 27 1
6543 10 1
6544 17 2
6544 18 1
6545 10 2
6545 12 1
6546 18 2
6546 20 1
6547 12 2
6548 20 2
6548 19 1
6549 24 2
6549 13 1
6550 19 2
6550 14 1
6551 13 2
6551 11 1
6552 14 2
6552 22 1
6553 11 2
6553 25 1
6553 26 0
6554 26 1
6554 15 1
6554 27 0
6554 22 2
6555 27 1
6555 9 1
6556 15 2
6556 21 1
6557 9 2
6557 16 1
6558 21 2
6558 23 1
6559 16 2
6560 23 2
6560 17 1
6561 25 2
6561 10 1
6562 17 2
6562 18 1
6563 10 2
6563 12 1
6564 18 2
6564 20 1
6565 12 2
6565 24 1
6565 26 0
6566 26 1
6566 20 2
6566 19 1
6566 27 0
6567 27 1
6567 13 1
6568 19 2
6568 14 1
6569 13 2
6569 11 1
6570 14 2
6570 22 1
6571 11 2
6572 22 2
6572 15 1
6573 24 2
6573 9 1
6574 15 2
6574 21 1
6575 9 2
6575 16 1
6576 21 2
6576 23 1
6577 16 2
6577 25 1
6577 26 0
6578 26 1
6578 23 2
6578 17 1
6578 27 0
6579 27 1
6579 10 1
6580 17 2
6580 18 1
6581 10 2
6581 12 1
6582 18 2
6582 20 1
6583 12 2
6584 20 2
6584 19 1
6585 25 2
6585 13 1
6586 19 2
6586 14 1
6587 13 2
6587 11 1
6588 14 2
6588 22 1
6589 11 2
6589 24 1
6589 26 0
6590 26 1
6590 22 2
6590 15 1
6590 27 0
6591 27 1
6591 9 1
6592 15 2
6592 21 1
6593 9 2
6593 16 1
6594 21 2
6594 23 1
6595 16 2
6596 23 2
6596 17 1
6597 24 2
6597 10 1
6598 17 2
6598 18 1
6599 10 2
6599 12 1
6600 18 2
6600 20 1
6601 12 2
6601 25 1
6601 26 0
6602 26 1
6602 19 1
6602 27 0
6602 20 2
6603 27 1
6603 13 1
6604 19 2
6604 14 1
6605 13 2
6605 11 1
6606 14 2
6606 22 1
6607 11 2
6608 22 2
6608 15 1
6609 25 2
6609 9 1
6610 15 2
6610 21 1
6611 9 2
6611 16 1
6612 21 2
6612 23 1
6613 16 2
6613 24 1
6613 26 0
6614 26 1
6614 17 1
6614 27 0
6614 23 2
6614 27 0
6614 27 1
6616 24 2
6616 17 2
6616 10 1
6616 18 1
6618 10 2
6618 18 2
6618 12 1
6618 20 1
6620 12 2
6620 19 1
6620 20 2
6622 19 2
6622 26 2
6622 13 1
6622 14 1
6624 13 2
6624 14 2
6624 11 1
6624 22 1
6626 11 2
6626 22 2
6626 15 1
6626 25 1
6628 15 2
6628 25 2
6628 9 1
6628 21 1
6630 9 2
6630 16 1
6630 23 1
6630 21 2
6632 16 2
6632 17 1
6632 24 1
6632 23 2
6634 17 2
6634 24 2
6634 10 1
6634 18 1
6636 10 2
6636 18 2
6636 12 1
6636 20 1
6638 12 2
6638 20 2
6638 19 1
6638 26 1
6640 19 2
6640 26 2
6640 13 1
6640 14 1
6642 13 2
6642 14 2
6642 11 1
6642 22 1
6644 11 2
6644 15 1
6644 25 1
6644 22 2
6646 15 2
6646 25 2
6646 9 1
6646 21 1
6648 9 2
6648 21 2
6648 16 1
6648 23 1
6650 16 2
6650 23 2
6650 17 1
6650 24 1
6652 17 2
6652 10 1
6652 18 1
6652 24 2
6654 10 2
6654 18 2
6654 12 1
6654 20 1
6656 12 2
6656 20 2
6656 19 1
6656 26 1
6658 19 2
6658 13 1
6658 14 1
6658 26 2
6660 13 2
6660 11 1
6660 22 1
6660 14 2
6662 11 2
6662 22 2
6662 15 1
6662 25 1
6664 15 2
6664 25 2
6664 9 1
6664 21 1
6666 9 2
6666 21 2
6666 16 1
6666 23 1
6668 16 2
6668 23 2
6668 17 1
6668 24 1
6670 17 2
6670 24 2
6670 10 1
6670 18 1
6672 10 2
6672 18 2
6672 12 1
6672 20 1
6674 12 2
6674 19 1
6674 26 1
6674 20 2
6676 19 2
6676 26 2
6676 13 1
6676 14 1
6678 13 2
6678 14 2
6678 11 1
6678 22 1
6680 11 2
6680 22 2
6680 15 1
6680 25 1
6682 15 2
6682 25 2
6682 9 1
6682 21 1
6684 9 2
6684 21 2
6684 16 1
6684 23 1
6686 16 2
6686 23 2
6686 17 1
6686 24 1
6688 17 2
6688 24 2
6688 10 1
6688 18 1
6690 10 2
6690 18 2
6690 12 1
6690 20 1
6692 12 2
6692 20 2
6692 19 1
6692 26 1
6694 19 2
6694 13 1
6694 14 1
6694 26 2
6696 13 2
6696 14 2
6696 11 1
6696 22 1
6698 11 2
6698 22 2
6698 15 1
6698 25 1
6700 15 2
6700 25 2
6700 9 1
6700 21 1
6702 9 2
6702 21 2
6702 16 1
6702 23 1
6704 16 2
6704 23 2
6704 17 1
6704 24 1
6706 17 2
6706 24 2
6706 10 1
6706 18 1
6708 10 2
6708 18 2
6708 12 1
6708 20 1
6710 12 2
6710 20 2
6710 19 1
6710 26 1
6712 19 2
6712 26 2
6712 13 1
6712 14 1
6714 13 2
6714 11 1
6714 22 1
6714 14 2
6716 11 2
6716 22 2
6716 15 1
6716 25 1
6718 15 2
6718 25 2
6718 9 1
6718 21 1
6720 9 2
6720 16 1
6720 23 1
6720 21 2
6722 16 2
6722 23 2
6722 17 1
6722 24 1
6724 17 2
6724 24 2
6724 10 1
6724 18 1
6726 10 2
6726 18 2
6726 12 1
6726 20 1
6728 12 2
6728 20 2
6728 19 1
6728 26 1
6730 19 2
6730 26 2
6730 13 1
6730 14 1
6732 13 2
6732 14 2
6732 11 1
6732 22 1
6734 11 2
6734 15 1
6734 25 1
6734 22 2
6736 15 2
6736 25 2
6736 9 1
6736 21 1
6738 9 2
6738 21 2
6738 16 1
6738 23 1
6740 16 2
6740 23 2
6740 17 1
6740 24 1
6742 17 2
6742 10 1
6742 18 1
6742 24 2
6744 10 2
6744 18 2
6744 12 1
6744 20 1
6746 12 2
6746 20 2
6746 19 1
6746 26 1
6748 19 2
6748 26 2
6748 13 1
6748 14 1
6750 13 2
6750 14 2
6750 11 1
6750 22 1
6752 11 2
6752 22 2
6752 15 1
6752 25 1
6754 15 2
6754 25 2
6754 9 1
6754 21 1
6756 9 2
6756 21 2
6756 16 1
6756 23 1
6758 16 2
6758 23 2
6758 17 1
6758 24 1
6760 17 2
6760 24 2
6760 10 1
6760 18 1
6762 10 2
6762 18 2
6762 12 1
6762 20 1
6764 12 2
6764 19 1
6764 26 1
6764 20 2
6766 19 2
6766 26 2
6766 13 1
6766 14 1
6768 13 2
6768 14 2
6768 11 1
6768 22 1
6770 11 2
6770 22 2
6770 15 1
6770 25 1
6772 15 2
6772 25 2
6772 9 1
6772 21 1
6774 9 2
6774 21 2
6774 16 1
6774 23 1
6776 16 2
6776 23 2
6776 17 1
6776 24 1
6778 17 2
6778 24 2
6778 10 1
6778 18 1
6780 10 2
6780 18 2
6780 12 1
6780 20 1
6782 12 2
6782 20 2
6782 19 1
6782 26 1
6784 19 2
6784 26 2
6784 13 1
6784 14 1
6786 13 2
6786 14 2
6786 11 1
6786 22 1
6788 11 2
6788 15 1
6788 25 1
6788 22 2
6790 15 2
6790 9 1
6790 21 1
6791 25 2
6792 9 2
6792 16 1
6792 23 1
6793 21 2
6794 16 2
6794 17 1
6794 24 1
6795 23 2
6796 17 2
6796 10 1
6796 18 1
6797 24 2
6798 10 2
6798 12 1
6798 20 1
6800 18 2
6800 12 2
6800 19 1
6800 26 1
6802 19 2
6802 20 2
6802 13 1
6802 14 1
6804 13 2
6804 11 1
6805 14 2
6805 22 1
6806 11 2
6806 15 1
6807 22 2
6807 25 1
6808 15 2
6808 9 1
6809 25 2
6809 21 1
6810 9 2
6810 16 1
6811 21 2
6812 17 1
6812 23 1
6812 26 0
6812 26 1
6812 16 2
6815 23 2
6815 10 1
6815 24 1
6815 17 2
6817 10 2
6817 24 2
6817 12 1
6817 18 1
6819 12 2
6819 19 1
6819 20 1
6819 18 2
6821 19 2
6821 20 2
6821 13 1
6821 14 1
6823 13 2
6823 14 2
6823 11 1
6823 22 1
6823 26 0
6824 26 1
6824 15 1
6825 11 2
6825 25 1
6826 15 2
6826 9 1
6827 22 2
6828 9 2
6828 16 1
6828 21 1
6829 25 2
6830 16 2
6831 21 2
6831 17 1
6831 23 1
6832 26 2
6833 17 2
6833 10 1
6833 24 1
6834 23 2
6835 10 2
6835 12 1
6835 18 1
6836 24 2
6837 12 2
6837 19 1
6837 20 1
6838 18 2
6839 19 2
6839 13 1
6839 14 1
6840 20 2
6841 13 2
6841 11 1
6842 14 2
6842 15 1
6843 11 2
6843 22 1
6844 15 2
6844 9 1
6845 22 2
6846 16 1
6846 25 1
6846 9 2
6847 16 2
6847 21 1
6848 25 2
6848 26 1
6849 21 2
6850 17 1
6850 23 1
6850 26 2
6851 10 1
6852 17 2
6852 24 1
6853 10 2
6853 12 1
6854 23 2
6854 18 1
6855 12 2
6855 19 1
6856 18 2
6856 20 1
6857 19 2
6857 13 1
6858 20 2
6858 14 1
6859 13 2
6859 11 1
6860 14 2
6861 15 1
6861 11 2
6862 9 1
6862 22 1
6863 15 2
6864 16 1
6864 24 0
6864 25 1
6864 9 2
6865 24 1
6867 22 2
6867 16 2
6867 21 1
6867 26 1
6869 21 2
6869 24 2
6869 10 1
6869 17 1
6871 10 2
6871 12 1
6871 23 1
6871 17 2
6872 18 1
6873 12 2
6873 19 1
6874 18 2
6874 20 1
6875 19 2
6875 13 1
6875 25 0
6876 25 1
6876 20 2
6878 13 2
6878 23 2
6878 11 1
6878 14 1
6878 26 0
6879 26 1
6880 11 2
6881 9 1
6881 15 1
6881 14 2
6883 9 2
6883 16 1
6883 22 1
6884 15 2
6885 16 2
6885 21 1
6885 24 1
6886 22 2
6887 21 2
6888 10 1
6888 17 1
6888 25 0
6888 25 1
6888 24 2
6889 12 1
6891 12 2
6891 10 2
6891 18 1
6891 19 1
6891 26 0
6892 26 1
6892 20 1
6893 17 2
6894 18 2
6894 13 1
6894 23 1
6895 19 2
6896 13 2
6897 20 2
6897 11 1
6897 14 1
6898 23 2
6899 11 2
6899 9 1
6899 25 0
6900 14 2
6900 25 1
6900 15 1
6902 9 2
6902 15 2
6902 16 1
6902 22 1
6904 16 2
6904 22 2
6904 21 1
6904 24 1
6904 26 0
6905 26 1
6906 21 2
6907 24 2
6907 10 1
6907 12 1
6908 25 2
6909 10 2
6909 17 1
6910 12 2
6910 18 1
6911 17 2
6911 19 1
6912 18 2
6912 13 1
6913 19 2
6913 20 1
6914 13 2
6914 23 1
6915 20 2
6915 11 1
6916 23 2
6916 14 1
6916 26 0
6917 11 2
6917 26 1
6919 14 2
6919 26 2
6919 9 1
6919 15 1
6921 9 2
6921 15 2
6921 16 1
6921 22 1
6923 16 2
6923 22 2
6923 21 1
6923 24 1
6925 21 2
6925 24 2
6925 10 1
6925 25 1
6927 10 2
6927 25 2
6927 12 1
6927 17 1
6929 12 2
6929 17 2
6929 18 1
6929 19 1
6931 18 2
6931 19 2
6931 13 1
6931 20 1
6933 13 2
6933 20 2
6933 11 1
6933 23 1
6935 11 2
6935 23 2
6935 14 1
6935 26 1
6937 14 2
6937 9 1
6937 15 1
6937 26 2
6939 9 2
6939 15 2
6939 16 1
6939 22 1
6941 16 2
6941 22 2
6941 21 1
6941 24 1
6943 21 2
6943 24 2
6943 10 1
6943 25 1
6945 10 2
6945 25 2
6945 12 1
6945 17 1
6947 12 2
6947 17 2
6947 18 1
6947 19 1
6949 18 2
6949 13 1
6949 20 1
6949 19 2
6951 13 2
6951 20 2
6951 11 1
6951 23 1
6953 11 2
6953 23 2
6953 14 1
6953 26 1
6955 14 2
6955 26 2
6955 9 1
6955 15 1
6957 9 2
6957 16 1
6957 22 1
6957 15 2
6959 16 2
6959 22 2
6959 21 1
6959 24 1
6961 21 2
6961 24 2
6961 10 1
6961 25 1
6963 10 2
6963 25 2
6963 12 1
6963 17 1
6965 12 2
6965 17 2
6965 18 1
6965 19 1
6967 18 2
6967 13 1
6967 20 1
6967 19 2
6969 13 2
6969 11 1
6969 23 1
6969 20 2
6971 11 2
6971 23 2
6971 14 1
6971 26 1
6973 14 2
6973 26 2
6973 9 1
6973 15 1
6975 9 2
6975 15 2
6975 16 1
6975 22 1
6977 16 2
6977 22 2
6977 21 1
6977 24 1
6979 21 2
6979 24 2
6979 10 1
6979 25 1
6981 10 2
6981 25 2
6981 12 1
6981 17 1
6983 12 2
6983 17 2
6983 18 1
6983 19 1
6985 18 2
6985 19 2
6985 13 1
6985 20 1
6987 13 2
6987 20 2
6987 11 1
6987 23 1
6989 11 2
6989 23 2
6989 14 1
6989 26 1
6989 26 1
6991 14 2
6991 15 1
6993 15 2
6993 16 1
6993 22 1
6994 9 3
6995 16 2
6995 21 1
6995 24 1
6996 22 2
6997 21 2
6997 10 1
6997 25 1
6998 24 2
6999 10 2
6999 12 1
6999 17 1
7000 25 2
7001 12 2
7001 18 1
7001 19 1
7002 17 2
7003 18 2
7003 13 1
7003 20 1
7004 19 2
7005 13 2
7005 11 1
7005 23 1
7006 20 2
7007 11 2
7007 14 1
7008 23 2
7009 14 2
7009 15 1
7011 15 2
7011 16 1
7012 10 3
7012 22 1
7013 16 2
7013 21 1
7014 22 2
7014 24 1
7015 21 2
7015 9 2
7016 24 2
7016 25 1
7018 25 2
7018 12 1
7018 17 1
7019 9 3
7019 18 1
7020 12 2
7020 19 1
7021 17 2
7021 13 1
7022 18 2
7022 20 1
7023 13 2
7023 11 1
7024 19 2
7024 23 1
7025 11 2
7025 14 1
7026 20 2
7027 14 2
7027 15 1
7028 23 2
7029 15 2
7029 16 1
7031 16 2
7031 21 1
7031 22 1
7032 11 3
7032 24 1
7033 21 2
7033 10 2
7034 22 2
7034 25 1
7035 24 2
7036 25 2
7036 12 1
7038 12 2
7038 17 1
7038 18 1
7039 10 3
7039 13 1
7040 17 2
7040 9 2
7040 19 1
7041 13 2
7042 18 2
7042 20 1
7043 19 2
7043 14 1
7044 20 2
7044 23 1
7045 14 2
7045 15 1
7046 23 2
7047 15 2
7047 16 1
7049 16 2
7049 21 1
7050 9 3
7050 22 1
7051 21 2
7051 24 1
7052 22 2
7052 25 1
7053 24 2
7053 11 2
7054 25 2
7054 12 1
7056 12 2
7056 17 1
7057 11 3
7057 13 1
7058 17 2
7058 18 1
7059 13 2
7059 19 1
7060 18 2
7060 10 2
7060 20 1
7061 19 2
7061 14 1
7062 20 2
7062 23 1
7063 14 2
7063 15 1
7064 23 2
7065 15 2
7065 16 1
7067 16 2
7067 21 1
7068 10 3
7068 22 1
7069 21 2
7069 24 1
7070 22 2
7070 25 1
7071 24 2
7071 9 2
7072 25 2
7072 12 1
7074 12 2
7074 17 1
7075 9 3
7075 13 1
7076 17 2
7076 18 1
7077 13 2
7077 19 1
7078 18 2
7078 11 2
7078 20 1
7079 19 2
7079 14 1
7080 20 2
7080 23 1
7081 14 2
7081 15 1
7082 23 2
7083 15 2
7083 16 1
7085 16 2
7085 21 1
7086 11 3
7086 22 1
7087 21 2
7087 24 1
7088 22 2
7088 25 1
7089 24 2
7089 10 2
7090 25 2
7090 12 1
7092 12 2
7092 17 1
7093 10 3
7093 13 1
7094 17 2
7094 18 1
7095 13 2
7095 19 1
7096 18 2
7096 9 2
7096 20 1
7097 19 2
7097 14 1
7098 20 2
7098 23 1
7099 14 2
7099 15 1
7100 23 2
7101 15 2
7101 16 1
7103 16 2
7103 21 1
7104 9 3
7104 22 1
7105 21 2
7105 24 1
7106 22 2
7106 25 1
7107 24 2
7107 11 2
7108 25 2
7108 12 1
7110 12 2
7110 17 1
7111 11 3
7111 13 1
7112 17 2
7112 18 1
7113 13 2
7113 19 1
7114 18 2
7114 10 2
7114 20 1
7115 19 2
7115 14 1
7116 20 2
7116 23 1
7117 14 2
7117 15 1
7118 23 2
7119 15 2
7119 16 1
7121 16 2
7121 21 1
7122 10 3
7122 22 1
7123 21 2
7123 24 1
7124 22 2
7124 25 1
7125 24 2
7125 9 2
7126 25 2
7126 12 1
7128 12 2
7128 17 1
7129 9 3
7129 13 1
7130 17 2
7130 18 1
7131 13 2
7131 19 1
7132 18 2
7132 11 2
7132 20 1
7133 19 2
7133 14 1
7134 20 2
7134 23 1
7135 14 2
7135 15 1
7136 23 2
7137 15 2
7137 16 1
7139 16 2
7139 21 1
7140 11 3
7140 22 1
7141 21 2
7141 24 1
7142 22 2
7142 25 1
7143 24 2
7143 10 2
7144 25 2
7144 12 1
7146 12 2
7146 17 1
7147 10 3
7147 13 1
7148 17 2
7148 18 1
7149 13 2
7149 19 1
7150 18 2
7150 9 2
7150 20 1
7151 19 2
7151 14 1
7152 20 2
7152 23 1
7153 14 2
7153 15 1
7154 23 2
7155 15 2
7155 16 1
7157 16 2
7157 21 1
7158 9 3
7158 22 1
7159 21 2
7159 24 1
7160 22 2
7160 25 1
7161 24 2
7161 11 2
7162 25 2
7162 12 1
7164 12 2
7164 17 1
7165 11 3
7165 13 1
7166 17 2
7166 18 1
7167 13 2
7167 19 1
7168 18 2
7168 10 2
7168 20 1
7169 19 2
7169 14 1
7170 20 2
7170 23 1
7171 14 2
7171 15 1
7172 23 2
7173 15 2
7173 16 1
7175 16 2
7175 21 1
7176 10 3
7176 22 1
7177 21 2
7177 24 1
7178 22 2
7178 25 1
7179 24 2
7179 9 2
7180 25 2
7180 12 1
7182 12 2
7182 17 1
7183 9 3
7183 13 1
7184 17 2
7184 18 1
7185 13 2
7185 19 1
7186 18 2
7186 11 2
7186 20 1
7187 19 2
7187 14 1
7188 20 2
7188 23 1
7188 23 1
7189 14 2
7189 15 1
7191 15 2
7191 16 1
7193 16 2
7193 11 3
7193 21 1
7195 21 2
7195 22 1
7195 24 1
7197 22 2
7197 12 3
7197 10 2
7197 25 1
7199 24 2
7199 25 2
7203 10 3
7203 13 3
7203 17 1
7203 18 1
7203 19 1
7205 17 2
7205 18 2
7205 9 2
7205 14 1
7205 20 1
7207 14 2
7207 19 2
7207 15 1
7209 15 2
7209 20 2
7209 16 1
7211 16 2
7211 21 1
7213 21 2
7213 9 3
7213 22 1
7215 22 2
7215 11 2
7215 24 1
7215 25 1
7215 24 1
7216 25 1
7217 14 3
7220 11 3
7220 12 2
7221 15 3
7221 17 1
7221 18 1
7223 17 2
7223 19 1
7224 12 3
7224 10 2
7224 13 2
7225 18 2
7225 20 1
7226 19 2
7227 20 2
7227 16 1
7229 16 2
7229 21 1
7230 10 3
7231 21 2
7231 22 1
7233 22 2
7234 13 3
7234 9 2
7237 16 3
7238 9 3
7238 14 2
7241 17 3
7241 11 2
7241 18 1
7242 14 3
7242 15 2
7242 19 1
7243 18 2
7243 20 1
7244 19 2
7245 20 2
7245 12 2
7248 11 3
7248 21 1
7249 12 3
7249 22 1
7250 21 2
7251 22 2
7251 10 2
7254 15 3
7255 10 3
7255 13 2
7258 18 3
7258 16 2
7259 13 3
7259 9 2
7262 16 3
7262 17 2
7262 19 1
7262 20 1
7263 9 3
7263 14 2
7264 19 2
7265 20 2
7268 14 3
7268 21 1
7268 22 1
7269 17 3
7269 11 2
7270 21 2
7270 12 2
7271 22 2
7274 11 3
7275 12 3
7275 15 2
7278 19 3
7278 10 2
7279 15 3
7279 18 2
7282 10 3
7282 13 2
7282 20 1
7283 18 3
7283 16 2
7284 20 2
7284 9 2
7287 13 3
7287 21 1
7287 22 1
7288 9 3
7289 21 2
7289 14 2
7290 22 2
7290 17 2
7293 14 3
7294 16 3
7297 17 3
7297 11 2
7297 12 2
7298 20 3
7301 11 3
7301 15 2
7301 19 2
7302 12 3
7305 15 3
7305 10 2
7305 18 2
7305 21 1
7306 19 3
7306 22 1
7307 21 2
7308 22 2
7308 13 2
7311 10 3
7311 9 2
7312 13 3
7315 9 3
7315 14 2
7315 16 2
7316 18 3
7319 14 3
7319 17 2
7319 20 2
7320 16 3
7323 17 3
7323 11 2
7323 12 2
7323 21 1
7324 20 3
7324 22 1
7325 21 2
7326 22 2
7326 15 2
7329 11 3
7329 19 2
7330 12 3
7333 15 3
7333 10 2
7333 13 2
7334 19 3
7337 10 3
7337 9 2
7337 18 2
7338 13 3
7341 9 3
7341 14 2
7341 16 2
7341 21 1
7342 18 3
7342 22 1
7343 21 2
7344 22 2
7344 17 2
7347 14 3
7347 20 2
7348 16 3
7351 17 3
7351 11 2
7351 12 2
7352 20 3
7355 11 3
7355 15 2
7355 19 2
7356 12 3
7359 15 3
7359 10 2
7359 13 2
7359 21 1
7360 19 3
7360 22 1
7361 21 2
7362 22 2
7362 9 2
7364 9 2
7364 18 2
7365 10 3
7368 13 3
7368 14 2
7369 18 3
7369 16 2
7372 14 3
7372 17 2
7373 16 3
7373 20 2
7376 17 3
7376 11 2
7377 20 3
7377 12 2
7377 21 1
7379 21 2
7379 22 1
7380 11 3
7380 15 2
7381 22 2
7381 19 2
7384 12 3
7385 15 3
7388 19 3
7388 10 2
7389 21 3
7389 13 2
7392 10 3
7392 18 2
7393 13 3
7393 14 2
7396 18 3
7396 16 2
7397 14 3
7397 17 2
7397 22 1
7399 22 2
7399 20 2
7400 16 3
7403 17 3
7403 11 2
7404 20 3
7407 11 3
7407 12 2
7407 15 2
7408 22 3
7411 12 3
7411 19 2
7411 21 2
7412 15 3
7415 19 3
7415 10 2
7415 13 2
7416 21 3
7419 10 3
7419 14 2
7419 18 2
7420 13 3
7423 14 3
7423 16 2
7424 18 3
7424 17 2
7427 16 3
7427 20 2
7428 17 3
7428 11 2
7431 20 3
7431 22 2
7431 22 2
7432 11 3
7432 12 2
7436 12 3
7436 15 2
7436 19 2
7440 15 3
7440 10 4
7440 21 2
7444 19 3
7444 21 3
7444 13 2
7444 14 2
7448 13 3
7448 14 3
7448 16 2
7448 18 2
7452 16 3
7452 18 3
7452 17 2
7452 20 2
7456 17 3
7456 20 3
7456 11 2
7460 11 3
7464 12 4
7464 15 2
7468 11 4
7468 15 3
7468 19 2
7468 21 2
7472 19 3
7472 21 3
7472 10 3
7472 13 2
7472 14 2
7476 13 3
7476 14 3
7476 16 2
7476 18 2
7480 16 3
7480 18 3
7480 17 2
7480 20 2
7484 17 3
7484 20 3
7492 10 4
7492 13 4
7492 15 2
7496 15 3
7496 12 3
7496 19 2
7496 21 2
7500 19 3
7500 14 4
7500 11 3
7504 21 3
7504 16 2
7504 18 2
7508 16 3
7508 11 4
7508 17 2
7508 20 2
7512 17 3
7512 18 3
7516 20 3
7520 12 4
7524 15 4
7524 10 3
7524 13 3
7524 19 2
7528 19 3
7528 16 4
7528 21 2
7532 21 3
7532 14 3
7536 10 4
7536 17 2
7536 18 2
7540 13 4
7540 11 3
7540 20 2
7540 17 3
7544 18 3
7544 20 3
7552 11 4
7552 14 4
7552 12 3
7552 19 2
7556 19 3
7556 15 3
7556 21 2
7560 21 3
7560 12 4
7560 16 3
7568 15 4
7568 16 4
7568 10 3
7568 17 2
7568 18 2
7568 20 2
7572 17 3
7572 18 3
7572 13 3
7576 20 3
7578 10 3
7578 19 2
7582 19 3
7582 21 2
7584 13 4
7584 11 3
7584 14 3
7586 21 3
7592 11 4
7592 12 3
7594 14 4
7594 17 2
7594 18 2
7598 17 3
7598 20 2
7600 12 4
7600 15 3
7600 16 3
7602 18 3
7604 20 3
7604 19 2
7608 19 3
7608 21 2
7610 15 4
7611 21 2
7611 21 3
7618 16 4
7618 13 3
7619 17 4
7626 13 4
7626 11 3
7626 14 3
7626 20 2
7627 18 4
7630 20 3
7630 19 2
7634 19 3
7634 12 3
7635 11 4
7642 12 4
7642 15 3
7643 14 4
7650 15 4
7650 16 3
7650 17 3
7651 19 4
7651 20 2
7655 20 3
7658 16 4
7658 13 3
7658 18 3
7663 17 4
7666 13 4
7666 11 3
7671 18 4
7674 11 4
7674 12 3
7674 14 3
7679 20 4
7682 12 4
7682 15 3
7682 19 3
7687 14 4
7690 15 4
7690 16 3
7695 19 4
7695 17 3
7698 16 4
7698 13 3
7703 17 4
7703 18 3
7706 13 4
7706 11 3
7707 11 3
7707 20 4
7711 18 4
7712 12 4
7727 19 3
7735 19 4
7735 17 3
7743 17 4
7743 13 3
7743 18 3
7751 13 4
7752 18 4
7754 14 4
7757 19 4
7783 13 4
7783 18 3
7791 18 4
7793 15 4
7794 3 2
7796 16 4
7800 18 4
7809 17 4
7809 3 2